channels:
- conda-forge
- ryanvolz
dependencies:
- airspy=1.0.10=h8ffe710_0
- airspyhf=1.6.8=h8ffe710_0
- bladerf=2023.02=hcfcfb64_0
- codec2=1.0.3=hcd874cb_0
- digital_rf=2.6.8=py311hda12615_2
- gnuradio-adsb=0.0.0.20230411.dev+g32bcb616f=win_pyh8b67e2b_0
- gnuradio-dect2=0.0.0.20231030.dev+g601a3d3a7=py311hba5c5a4_0
- gnuradio-filerepeater=0.0.0.20231030.dev+g257482aa4=py311hb80fb7d_0
- gnuradio-foo=0.0.0.20231030.dev+g126cd61d0=py311hd228b1b_0
- gnuradio-fosphor=0.0.0.20231031.dev+ga104744=py311h9bd8421_0
- gnuradio-gpredict-doppler=0.0.0.20231030.dev+g7114d423e=win_pyh9cfef83_0
- gnuradio-ieee802_11=0.0.0.20231031.dev+g4db90ce37=py311hee83f52_0
- gnuradio-ieee802_15_4=3.6.post128+gc3cef3a=py311h9b7acb4_0
- gnuradio-inspector=0.0.0.20231031.dev+g8e84135=py311h32a574a_0
- gnuradio-iqbalance=0.38.2=py311h4e8cb50_1
- gnuradio-iridium=1!1.0.0=py311h5f9c1af_8
- gnuradio-leo=1.0.0.post99+cbf934b=py311h9b7acb4_0
- gnuradio-lora_sdr=0.0.0.20231031.dev+g1c5af1ec2=py311h9b7acb4_0
- gnuradio-m2k=1.0.0=py311h6281ea1_7
- gnuradio-osmosdr=0.2.4=py311hf7cbdd1_11
- gnuradio-paint=0.0.0.20231031.dev+ge2b4d30=py311h9b7acb4_0
- gnuradio-radar=0.0.0.20231031.dev+g62f1f95=py311h8c3dca5_0
- gnuradio-rds=3.10.post17+ga9d5e6a=py311hba5c5a4_0
- gnuradio-satellites=5.4.0=py311ha5cbc8f_4
- gnuradio=3.10.8.0=py311h0d9335b_1
- gqrx=2.17.3=h4e819c8_2
- hackrf=2023.01.1=h9647d90_0
- hamlib-all=4.5.5=win_2
- inspectrum=0.3.1=hfd82842_0
- ipython=8.17.2=pyh5737063_0
- libiio=0.25=h57928b3_0
- libm2k=0.7.0=py311h256898b_2
- limesuite=23.10.0=hdee86e2_0
- m17-cxx-demod=2.3.3=hdfbca9c_3
- matplotlib=3.8.1=py311h1ea47a8_0
- mirisdr=2.0.0=hcfcfb64_0
- numpy=1.26.0=py311h0b4df5a_0
- pandas=2.1.2=py311hf63dbb6_0
- pyadi-iio=0.0.16=pyhd8ed1ab_0
- pyfda=0.8.4=pyh9208f05_0
- python=3.11.6=h2628c8c_0_cpython
- rtl-sdr=2.0.1=hcfcfb64_0
- scipy=1.11.3=py311h0b4df5a_1
- soapysdr-module-airspy=0.2.0=h23704b7_0
- soapysdr-module-airspyhf=0.2.0=h23704b7_0
- soapysdr-module-audio=0.1.1=h78c1c11_1
- soapysdr-module-bladerf=0.4.1=h23704b7_0
- soapysdr-module-hackrf=0.3.4=h23704b7_0
- soapysdr-module-lms7=23.10.0=h83e77cb_0
- soapysdr-module-netsdr=0.2.0=h78c1c11_1
- soapysdr-module-plutosdr=0.2.1=h3cbcf99_3
- soapysdr-module-redpitaya=0.1.1=h78c1c11_0
- soapysdr-module-remote=0.5.2=h23704b7_2
- soapysdr-module-rtlsdr=0.3.3=h78c1c11_2
- soapysdr-module-uhd=0.4.1=hd3c8059_9
- soapysdr-module-volk-converters=0.1.1=h30b3987_1
- soapysdr=0.8.1=py311h005e61a_4
- uhd=4.5.0.0=py311h0c75be5_2
name: radioconda
platform: win-64
variables:
  GRC_BLOCKS_PATH: ''
  GR_PREFIX: ''
  UHD_PKG_PATH: ''
  VOLK_PREFIX: ''
version: 2023.11.06
