channels:
- conda-forge
- ryanvolz
dependencies:
- airspy=1.0.10=h0d85af4_0
- airspyhf=1.6.8=h0d85af4_0
- bladerf=2022.11=hb7f2c08_0
- codec2=1.0.3=h0d85af4_0
- digital_rf=2.6.8=py310hf5a222c_0
- gnuradio-fosphor=0.0.0.20221223.dev+g84e9d8f=py310h7c89eea_0
- gnuradio-inspector=0.0.0.20221223.dev+gb55e0e1=py310hd47316b_0
- gnuradio-iridium=1!1.0.0=py310hbbedea9_2
- gnuradio-leo=1.0.0.post84+a447553=py310h51fff6a_0
- gnuradio-m2k=1.0.0=py310h8672488_3
- gnuradio-osmosdr=0.2.4=py310hf64df59_0
- gnuradio-paint=0.0.0.20221223.dev+g1874506=py310heb6b86d_0
- gnuradio-radar=0.0.0.20221223.dev+g631188f=py310hfa3b8d7_0
- gnuradio-satellites=5.1.1=py310h94e0896_1
- gnuradio=3.10.5.0=py310h62a0780_2
- gqrx=2.15.9=ha6696b8_7
- hackrf=2022.09.1=h75b6cab_1
- inspectrum=0.2.3=h71b3e54_1
- ipython=8.8.0=pyhd1c38e8_0
- libiio=0.24=h694c41f_0
- libm2k=0.7.0=py310hfba3bd2_1
- limesuite=22.09.1=h6beca88_0
- m17-cxx-demod=2.3.3=ha8422f1_2
- matplotlib=3.6.3=py310h2ec42d9_0
- numpy=1.24.1=py310h1b7c290_0
- pandas=1.5.3=py310hecf8f37_0
- pyadi-iio=0.0.14=pyhd8ed1ab_0
- python=3.10.8=he7542f4_0_cpython
- rtl-sdr=0.6.0.post20220126=h0d85af4_0
- scipy=1.10.0=py310h240c617_0
- soapysdr-module-airspy=0.2.0=ha64c28d_0
- soapysdr-module-airspyhf=0.2.0=ha64c28d_0
- soapysdr-module-audio=0.1.1=h7ecdfb7_0
- soapysdr-module-bladerf=0.4.1=h3f20bda_0
- soapysdr-module-hackrf=0.3.4=ha64c28d_0
- soapysdr-module-lms7=22.09.1=hcbf95fb_0
- soapysdr-module-netsdr=0.2.0=h7ecdfb7_0
- soapysdr-module-plutosdr=0.2.1=hbfed937_3
- soapysdr-module-redpitaya=0.1.1=h7ecdfb7_0
- soapysdr-module-remote=0.5.2=ha64c28d_2
- soapysdr-module-rtlsdr=0.3.0=ha64c28d_1
- soapysdr-module-uhd=0.4.1=h060078c_6
- soapysdr-module-volk-converters=0.1.1=h6fab6e6_0
- soapysdr=0.8.1=py310ha23aa8a_3
- uhd=4.3.0.0=py310h50d9707_1
name: radioconda
platform: osx-64
version: 2023.01.19
