channels:
- conda-forge
- ryanvolz
dependencies:
- airspy=1.0.10=h4e0d66e_0
- airspyhf=1.6.8=h4e0d66e_0
- alsa-plugins=1.2.7.1=ha0f122a_9
- bladerf=2023.02=h4194056_0
- codec2=1.0.3=h4e0d66e_0
- digital_rf=2.6.8=py310hc41a20c_2
- ephem=4.1.5=py310h05217ba_1
- gnss-sdr=0.0.18=hbdcf96b_16
- gnuradio-adsb=0.0.0.20230411.dev+g32bcb616f=unix_pyh139f5c4_0
- gnuradio-dect2=0.0.0.20240116.dev+gb71cc4b5a=py310h6e75cf6_0
- gnuradio-filerepeater=0.0.0.20240116.dev+g7052243b9=py310ha5c9039_0
- gnuradio-foo=0.0.0.20240116.dev+g0aeb43099=py310h7630489_0
- gnuradio-fosphor=0.0.0.20240116.dev+g5d835af=py310h74421c7_0
- gnuradio-gpredict-doppler=0.0.0.20231030.dev+g7114d423e=unix_pyh9f2d41d_0
- gnuradio-hermeslite2=v1.0.0.0.post13+fce6387=py310h6e75cf6_0
- gnuradio-hpsdr=0.0.0.20240116.dev+gc668630=py310h6e75cf6_0
- gnuradio-ieee802_11=0.0.0.20240117.dev+g464ae8285=py310h87c12ec_0
- gnuradio-ieee802_15_4=3.6.post130+g1850e51=py310h690b54f_0
- gnuradio-inspector=0.0.0.20240117.dev+g767dda7=py310h4cc4a35_0
- gnuradio-iqbalance=0.38.2=py310hd557ef3_2
- gnuradio-iridium=1!1.0.0=py310hfd32138_10
- gnuradio-leo=1.0.0.post101+c387f10=py310h86a90d7_0
- gnuradio-lora_sdr=0.0.0.20240117.dev+gd379e210d=py310h86a90d7_0
- gnuradio-m2k=1.0.0=py310hee882a0_8
- gnuradio-osmosdr=0.2.4=py310h4efd18e_15
- gnuradio-paint=0.0.0.20240117.dev+g6c36452=py310h86a90d7_0
- gnuradio-radar=0.0.0.20240117.dev+ge5e15ce=py310hc69b9ba_0
- gnuradio-rds=3.10.post19+g183429b=py310hf6b71a5_0
- gnuradio-satellites=5.5.0=py310h61fa7d8_1
- gnuradio=3.10.9.2=py310hc7e2f79_0
- gqrx=2.17.3=py310h91b0487_4
- hackrf=2022.09.1=hf271da4_1
- hamlib-all=4.5.5=linux_3
- inspectrum=0.3.1=hb0a1fd9_0
- ipython=8.20.0=pyh707e725_0
- libiio=0.25=ha3edaa6_1
- libm2k=0.7.0=py310haa0b388_2
- limesuite=23.11.0=h4aef300_0
- m17-cxx-demod=2.3.3=hdaf65b7_3
- matplotlib=3.8.2=py310hd032262_0
- mirisdr=2.0.0=ha17a0cc_0
- numpy=1.26.3=py310h877c07d_0
- pandas=2.2.0=py310h243fb84_0
- pyadi-iio=0.0.16=pyhd8ed1ab_0
- pyfda=0.8.4=pyh9208f05_0
- python=3.10.13=h4005451_1_cpython
- rtl-sdr=2.0.1=ha17a0cc_0
- scipy=1.12.0=py310h877c07d_2
- soapysdr-module-airspy=0.2.0=h6f8e04d_0
- soapysdr-module-airspyhf=0.2.0=h6f8e04d_0
- soapysdr-module-audio=0.1.1=h7f3508f_1
- soapysdr-module-bladerf=0.4.1=hf8708ca_0
- soapysdr-module-hackrf=0.3.4=h6f8e04d_0
- soapysdr-module-lms7=23.11.0=h45eccfa_0
- soapysdr-module-netsdr=0.2.0=he97dc58_1
- soapysdr-module-plutosdr=0.2.1=h4a71477_3
- soapysdr-module-redpitaya=0.1.1=he97dc58_0
- soapysdr-module-remote=0.5.2=h6f8e04d_2
- soapysdr-module-rtlsdr=0.3.3=h7f3508f_2
- soapysdr-module-uhd=0.4.1=ha5dbe34_10
- soapysdr-module-volk-converters=0.1.1=h9fb0fc0_2
- soapysdr=0.8.1=py310hd9ef7bd_4
- uhd=4.6.0.0=py310hcd7457b_0
name: radioconda
platform: linux-ppc64le
version: 2024.01.26
