channels:
- conda-forge
- ryanvolz
dependencies:
- airspy=1.0.10=h0d85af4_0
- airspyhf=1.6.8=h0d85af4_0
- bladerf=2023.02=hb7f2c08_0
- codec2=1.0.3=h0d85af4_0
- digital_rf=2.6.8=py311h0ae78f1_2
- ephem=4.1.5=py311he705e18_1
- gnss-sdr=0.0.18=h21b12b5_16
- gnuradio-adsb=0.0.0.20230411.dev+g32bcb616f=unix_pyh139f5c4_0
- gnuradio-dect2=0.0.0.20240116.dev+gb71cc4b5a=py311h86abbd0_0
- gnuradio-filerepeater=0.0.0.20240116.dev+g7052243b9=py311h0a6ab1c_0
- gnuradio-foo=0.0.0.20240116.dev+g0aeb43099=py311hef29130_0
- gnuradio-fosphor=0.0.0.20240116.dev+g5d835af=py311h30fd6cc_0
- gnuradio-gpredict-doppler=0.0.0.20231030.dev+g7114d423e=unix_pyh9f2d41d_0
- gnuradio-hermeslite2=v1.0.0.0.post13+fce6387=py311h86abbd0_0
- gnuradio-hpsdr=0.0.0.20240116.dev+gc668630=py311h86abbd0_0
- gnuradio-ieee802_11=0.0.0.20240117.dev+g464ae8285=py311h6fd8ec8_0
- gnuradio-ieee802_15_4=3.6.post130+g1850e51=py311he246157_0
- gnuradio-inspector=0.0.0.20240117.dev+g767dda7=py311hff41ab1_0
- gnuradio-iqbalance=0.38.2=py311hea17461_2
- gnuradio-iridium=1!1.0.0=py311h583c028_10
- gnuradio-leo=1.0.0.post101+c387f10=py311h21b0f78_0
- gnuradio-lora_sdr=0.0.0.20240117.dev+gd379e210d=py311h21b0f78_0
- gnuradio-m2k=1.0.0=py311hacaeb99_8
- gnuradio-osmosdr=0.2.4=py311h5caefc2_15
- gnuradio-paint=0.0.0.20240117.dev+g6c36452=py311h21b0f78_0
- gnuradio-radar=0.0.0.20240117.dev+ge5e15ce=py311h1b6b688_0
- gnuradio-rds=3.10.post19+g183429b=py311h8fd0d43_0
- gnuradio-satellites=5.5.0=py311hb1bb21d_1
- gnuradio=3.10.9.2=py311h504de75_0
- gqrx=2.17.3=h182b865_4
- hackrf=2023.01.1=h75b6cab_0
- hamlib-all=4.5.5=osx_3
- inspectrum=0.3.1=h4507090_0
- ipython=8.20.0=pyh707e725_0
- libiio=0.25=h694c41f_1
- libm2k=0.7.0=py311he009531_2
- limesuite=23.11.0=h56465c4_0
- m17-cxx-demod=2.3.3=hb3aaeea_3
- matplotlib=3.8.2=py311h6eed73b_0
- mirisdr=2.0.0=h10d778d_0
- numpy=1.26.3=py311hc43a94b_0
- pandas=2.2.0=py311h8f6166a_0
- pyadi-iio=0.0.16=pyhd8ed1ab_0
- pyfda=0.8.4=pyh9208f05_0
- python=3.11.7=h9f0c242_1_cpython
- rtl-sdr=2.0.1=h10d778d_0
- scipy=1.12.0=py311h86d0cd9_2
- soapysdr-module-airspy=0.2.0=ha64c28d_0
- soapysdr-module-airspyhf=0.2.0=ha64c28d_0
- soapysdr-module-audio=0.1.1=h4104cfc_1
- soapysdr-module-bladerf=0.4.1=h3f20bda_0
- soapysdr-module-hackrf=0.3.4=ha64c28d_0
- soapysdr-module-lms7=23.11.0=hf2e4411_0
- soapysdr-module-netsdr=0.2.0=h7ecdfb7_1
- soapysdr-module-plutosdr=0.2.1=hbfed937_3
- soapysdr-module-redpitaya=0.1.1=h7ecdfb7_0
- soapysdr-module-remote=0.5.2=ha64c28d_2
- soapysdr-module-rtlsdr=0.3.3=h4104cfc_2
- soapysdr-module-uhd=0.4.1=hf6b9cc9_10
- soapysdr-module-volk-converters=0.1.1=h58154ba_2
- soapysdr=0.8.1=py311h5fe6e05_4
- uhd=4.6.0.0=py311h1202e05_0
name: radioconda
platform: osx-64
version: 2024.01.26
