channels:
- conda-forge
- ryanvolz
dependencies:
- airspy=1.0.10=hf897c2e_0
- airspyhf=1.6.8=hf897c2e_0
- alsa-plugins=1.2.7.1=h9db4085_9
- bladerf=2023.02=hb4cce97_0
- codec2=1.0.3=hf897c2e_0
- digital_rf=2.6.8=py310h785ea77_2
- gnss-sdr=0.0.18=h83a6382_10
- gnuradio-adsb=0.0.0.20230411.dev+g32bcb616f=unix_pyh139f5c4_0
- gnuradio-dect2=0.0.0.20231030.dev+g601a3d3a7=py310hbd0747f_0
- gnuradio-filerepeater=0.0.0.20231030.dev+g257482aa4=py310h6ebffbc_0
- gnuradio-foo=0.0.0.20231030.dev+g126cd61d0=py310ha55a85d_0
- gnuradio-fosphor=0.0.0.20231031.dev+ga104744=py310h8bfe337_0
- gnuradio-gpredict-doppler=0.0.0.20231030.dev+g7114d423e=unix_pyh9f2d41d_0
- gnuradio-hermeslite2=v1.0.0.0.post11+63b2ca9=py310hbd0747f_0
- gnuradio-hpsdr=0.0.0.20231030.dev+g780ec33=py310hbd0747f_0
- gnuradio-ieee802_11=0.0.0.20231031.dev+g4db90ce37=py310h9fc9d2f_0
- gnuradio-ieee802_15_4=3.6.post128+gc3cef3a=py310hfc8b48b_0
- gnuradio-inspector=0.0.0.20231031.dev+g8e84135=py310h4d30ec9_0
- gnuradio-iqbalance=0.38.2=py310h4231c30_1
- gnuradio-iridium=1!1.0.0=py310h4c68ea2_8
- gnuradio-leo=1.0.0.post99+cbf934b=py310hfc8b48b_0
- gnuradio-lora_sdr=0.0.0.20231031.dev+g1c5af1ec2=py310hfc8b48b_0
- gnuradio-m2k=1.0.0=py310h5aa6c39_7
- gnuradio-osmosdr=0.2.4=py310h58182f4_11
- gnuradio-paint=0.0.0.20231031.dev+ge2b4d30=py310hfc8b48b_0
- gnuradio-radar=0.0.0.20231031.dev+g62f1f95=py310h6d5c657_0
- gnuradio-rds=3.10.post17+ga9d5e6a=py310hbd0747f_0
- gnuradio-satellites=5.4.0=py310h7fd8d95_4
- gnuradio=3.10.8.0=py310hc9d58e9_1
- gqrx=2.17.3=py310hba026ae_2
- hackrf=2022.09.1=h136fa51_1
- hamlib-all=4.5.5=linux_2
- inspectrum=0.3.1=ha6d2d91_0
- ipython=8.17.2=pyh41d4057_0
- libiio=0.25=h8af1aa0_0
- libm2k=0.7.0=py310ha4f7790_2
- limesuite=23.10.0=hddbaef7_0
- m17-cxx-demod=2.3.3=h8f10d31_3
- matplotlib=3.8.1=py310hbbe02a8_0
- mirisdr=2.0.0=h31becfc_0
- numpy=1.26.0=py310hcbab775_0
- pandas=2.1.2=py310hf9cab1f_0
- pyadi-iio=0.0.16=pyhd8ed1ab_0
- pyfda=0.8.4=pyh9208f05_0
- python=3.10.13=hbbe8eec_0_cpython
- rtl-sdr=2.0.1=h31becfc_0
- scipy=1.11.3=py310hcbab775_1
- soapysdr-module-airspy=0.2.0=he88f3d8_0
- soapysdr-module-airspyhf=0.2.0=he88f3d8_0
- soapysdr-module-audio=0.1.1=hd53839e_1
- soapysdr-module-bladerf=0.4.1=hbad66d3_0
- soapysdr-module-hackrf=0.3.4=he88f3d8_0
- soapysdr-module-lms7=23.10.0=hcd46cec_0
- soapysdr-module-netsdr=0.2.0=hc0426f7_1
- soapysdr-module-plutosdr=0.2.1=h872020c_3
- soapysdr-module-redpitaya=0.1.1=hc0426f7_0
- soapysdr-module-remote=0.5.2=he88f3d8_2
- soapysdr-module-rtlsdr=0.3.3=hd53839e_2
- soapysdr-module-uhd=0.4.1=h99ea244_9
- soapysdr-module-volk-converters=0.1.1=h1635607_1
- soapysdr=0.8.1=py310h586407a_4
- uhd=4.5.0.0=py310hc7d4c31_2
name: radioconda
platform: linux-aarch64
version: 2023.11.06
