channels:
- conda-forge
- ryanvolz
dependencies:
- airspy=1.0.10=h8ffe710_0
- airspyhf=1.6.8=h8ffe710_0
- bladerf=2023.02=hcfcfb64_0
- codec2=1.0.3=hcd874cb_0
- digital_rf=2.6.8=py310h704fca9_1
- gnuradio-adsb=0.0.0.20230411.dev+g32bcb616f=win_pyh8b67e2b_0
- gnuradio-dect2=0.0.0.20230724.dev+g1e19fec9b=py310hb788044_0
- gnuradio-filerepeater=0.0.0.20230720.dev+g6cfdd6298=py310hd502f37_0
- gnuradio-foo=0.0.0.20230719.dev+g4544a4be7=py310h76fb598_0
- gnuradio-fosphor=0.0.0.20230721.dev+g3bc8c63=py310h971508e_0
- gnuradio-gpredict-doppler=0.0.0.20230406.dev+g24c9948ff=win_pyhf218444_0
- gnuradio-ieee802_11=0.0.0.20230721.dev+gd1f9fc80c=py310h540a4ae_0
- gnuradio-ieee802_15_4=3.6.post122+g285a13a=py310ha169c35_0
- gnuradio-inspector=0.0.0.20230721.dev+gdee563b=py310h2ccc8b9_0
- gnuradio-iridium=1!1.0.0=py310h17277bc_5
- gnuradio-leo=1.0.0.post93+138c953=py310h37ae010_0
- gnuradio-lora_sdr=0.0.0.20230720.dev+g734d2ee71=py310h37ae010_0
- gnuradio-m2k=1.0.0=py310hfde0b42_5
- gnuradio-osmosdr=0.2.4=py310h9917f83_4
- gnuradio-paint=0.0.0.20230721.dev+g851daac=py310h37ae010_0
- gnuradio-radar=0.0.0.20230721.dev+gb7a3cfc=py310h8d83551_0
- gnuradio-rds=3.10.post11+gd2589c8=py310he137a76_0
- gnuradio-satellites=5.3.0=py310h51ad2d2_1
- gnuradio=3.10.7.0=py310h6348509_1
- gqrx=2.16=h5941d08_1
- hackrf=2023.01.1=h9647d90_0
- inspectrum=0.2.3=hfd82842_2
- ipython=8.14.0=pyh08f2357_0
- libiio=0.24=h57928b3_1
- libm2k=0.7.0=py310h6b2dc8b_1
- limesuite=22.09.1=hdee86e2_0
- m17-cxx-demod=2.3.3=h5596bb6_2
- matplotlib=3.7.2=py310h5588dad_0
- numpy=1.25.1=py310hd02465a_0
- pandas=2.0.3=py310h1c4a608_1
- pyadi-iio=0.0.15=pyhd8ed1ab_0
- python=3.10.12=h4de0772_0_cpython
- rtl-sdr=0.6.0.post20220126=h8ffe710_0
- scipy=1.11.1=py310h578b7cb_0
- soapysdr-module-airspy=0.2.0=h23704b7_0
- soapysdr-module-airspyhf=0.2.0=h23704b7_0
- soapysdr-module-audio=0.1.1=h78c1c11_0
- soapysdr-module-bladerf=0.4.1=h23704b7_0
- soapysdr-module-hackrf=0.3.4=h23704b7_0
- soapysdr-module-lms7=22.09.1=h83e77cb_0
- soapysdr-module-netsdr=0.2.0=h78c1c11_1
- soapysdr-module-plutosdr=0.2.1=h3cbcf99_3
- soapysdr-module-redpitaya=0.1.1=h78c1c11_0
- soapysdr-module-remote=0.5.2=h23704b7_2
- soapysdr-module-rtlsdr=0.3.3=h78c1c11_0
- soapysdr-module-uhd=0.4.1=hf1ba453_7
- soapysdr-module-volk-converters=0.1.1=h30b3987_1
- soapysdr=0.8.1=py310h232114e_3
- uhd=4.4.0.0=py310h947664d_0
name: radioconda
platform: win-64
variables:
  GRC_BLOCKS_PATH: ''
  GR_PREFIX: ''
  UHD_PKG_PATH: ''
  VOLK_PREFIX: ''
version: 2023.07.27
