channels:
- conda-forge
- ryanvolz
dependencies:
- airspy=1.0.10=h8ffe710_0
- airspyhf=1.6.8=h8ffe710_0
- bladerf=2023.02=hcfcfb64_0
- codec2=1.0.3=hcd874cb_0
- digital_rf=2.6.8=py311hda12615_2
- ephem=4.1.5=py311ha68e1ae_1
- gnuradio-adsb=0.0.0.20230411.dev+g32bcb616f=win_pyh8b67e2b_0
- gnuradio-dect2=0.0.0.20240116.dev+gb71cc4b5a=py311hb49eb91_0
- gnuradio-filerepeater=0.0.0.20240116.dev+g7052243b9=py311ha5e5fb1_0
- gnuradio-foo=0.0.0.20240116.dev+g0aeb43099=py311hb4fbb3e_0
- gnuradio-fosphor=0.0.0.20240116.dev+g5d835af=py311h2870866_0
- gnuradio-gpredict-doppler=0.0.0.20231030.dev+g7114d423e=win_pyh9cfef83_0
- gnuradio-ieee802_11=0.0.0.20240117.dev+g464ae8285=py311he08580c_0
- gnuradio-ieee802_15_4=3.6.post130+g1850e51=py311h5c8edff_0
- gnuradio-inspector=0.0.0.20240117.dev+g767dda7=py311h0fab342_0
- gnuradio-iqbalance=0.38.2=py311h50bd14d_2
- gnuradio-iridium=1!1.0.0=py311h7221d14_10
- gnuradio-leo=1.0.0.post101+c387f10=py311h439bce7_0
- gnuradio-lora_sdr=0.0.0.20240117.dev+gd379e210d=py311h439bce7_0
- gnuradio-m2k=1.0.0=py311h8ce8dd6_8
- gnuradio-osmosdr=0.2.4=py311he3804ca_15
- gnuradio-paint=0.0.0.20240117.dev+g6c36452=py311h439bce7_0
- gnuradio-radar=0.0.0.20240117.dev+ge5e15ce=py311hff56b09_0
- gnuradio-rds=3.10.post19+g183429b=py311h59148d3_0
- gnuradio-satellites=5.5.0=py311h5c1da86_1
- gnuradio=3.10.9.2=py311h2ab0c20_0
- gqrx=2.17.3=h738c426_4
- hackrf=2023.01.1=h9647d90_0
- hamlib-all=4.5.5=win_3
- inspectrum=0.3.1=hfd82842_0
- ipython=8.20.0=pyh7428d3b_0
- libiio=0.25=h57928b3_1
- libm2k=0.7.0=py311h256898b_2
- limesuite=23.11.0=hdee86e2_0
- m17-cxx-demod=2.3.3=hdfbca9c_3
- matplotlib=3.8.2=py311h1ea47a8_0
- mirisdr=2.0.0=hcfcfb64_0
- numpy=1.26.3=py311h0b4df5a_0
- pandas=2.2.0=py311hf63dbb6_0
- pyadi-iio=0.0.16=pyhd8ed1ab_0
- pyfda=0.8.4=pyh9208f05_0
- python=3.11.7=h2628c8c_1_cpython
- rtl-sdr=2.0.1=hcfcfb64_0
- scipy=1.12.0=py311h0b4df5a_2
- soapysdr-module-airspy=0.2.0=h23704b7_0
- soapysdr-module-airspyhf=0.2.0=h23704b7_0
- soapysdr-module-audio=0.1.1=h78c1c11_1
- soapysdr-module-bladerf=0.4.1=h23704b7_0
- soapysdr-module-hackrf=0.3.4=h23704b7_0
- soapysdr-module-lms7=23.11.0=h83e77cb_0
- soapysdr-module-netsdr=0.2.0=h78c1c11_1
- soapysdr-module-plutosdr=0.2.1=h3cbcf99_3
- soapysdr-module-redpitaya=0.1.1=h78c1c11_0
- soapysdr-module-remote=0.5.2=h23704b7_2
- soapysdr-module-rtlsdr=0.3.3=h78c1c11_2
- soapysdr-module-uhd=0.4.1=h497d21a_10
- soapysdr-module-volk-converters=0.1.1=h4df33ff_2
- soapysdr=0.8.1=py311h005e61a_4
- uhd=4.6.0.0=py311h0c75be5_0
name: radioconda
platform: win-64
variables:
  GRC_BLOCKS_PATH: ''
  GR_PREFIX: ''
  UHD_PKG_PATH: ''
  VOLK_PREFIX: ''
version: 2024.01.26
