channels:
- conda-forge
- ryanvolz
dependencies:
- airspy=1.0.10=h4e0d66e_0
- airspyhf=1.6.8=h4e0d66e_0
- alsa-plugins=1.2.7.1=h7ff4fc0_10
- bladerf=2023.02=h4194056_0
- codec2=1.0.3=h4e0d66e_0
- digital_rf=2.6.8=py310hc41a20c_2
- ephem=4.1.5=py310h05217ba_1
- gnss-sdr=0.0.18=h70ae29d_19
- gnuradio-adsb=0.0.0.20240508.dev+gafd7fabda=unix_pyha6c0e43_0
- gnuradio-dect2=0.0.0.20240502.dev+gb296af2a9=py310h0a1caa6_0
- gnuradio-filerepeater=0.0.0.20240502.dev+gd7bb8846c=py310hb11fc2d_0
- gnuradio-foo=0.0.0.20240502.dev+gc53538a22=py310hc95069f_0
- gnuradio-fosphor=0.0.0.20240502.dev+g656fe2f=py310hef9c1d6_0
- gnuradio-gpredict-doppler=0.0.0.20240508.dev+gb06bc7678=unix_pyha1ad6f9_0
- gnuradio-hermeslite2=v1.0.0.0.post17+8b17ad3=py310h0a1caa6_0
- gnuradio-hpsdr=0.0.0.20240507.dev+g958e157=py310h7639744_0
- gnuradio-ieee802_11=0.0.0.20240507.dev+g8c058d4e0=py310hb16563b_0
- gnuradio-ieee802_15_4=3.6.post133+g932c76f=py310hac62da3_0
- gnuradio-inspector=0.0.0.20240507.dev+g47e47d4=py310h78fd7de_0
- gnuradio-iqbalance=0.38.2=py310h6b176c7_3
- gnuradio-iridium=1!1.0.0=py310h8a2dc07_11
- gnuradio-leo=1.0.0.post105+12a346f=py310h5a5c018_0
- gnuradio-lora_sdr=0.0.0.20240508.dev+g751a65269=py310h5a5c018_0
- gnuradio-m2k=1.0.0=py310habb924e_9
- gnuradio-osmosdr=0.2.4=py310h9f1c927_16
- gnuradio-paint=0.0.0.20240508.dev+g82696a2=py310h5a5c018_0
- gnuradio-radar=0.0.0.20240508.dev+g0b237f6=py310h61c49bf_0
- gnuradio-rds=3.10.post22+g2134008=py310h99c2f21_0
- gnuradio-satellites=5.5.0=py310h184d61e_2
- gnuradio=3.10.10.0=py310h84b923e_3
- gqrx=2.17.5=py310h7626089_3
- hackrf=2024.02.1=h8a05459_0
- hamlib-all=4.5.5=linux_3
- inspectrum=0.3.1=hb0a1fd9_0
- ipython=8.24.0=pyh707e725_0
- libiio=0.25=ha3edaa6_1
- libm2k=0.8.0=py310haa0b388_0
- limesuite=23.11.0=h4aef300_0
- m17-cxx-demod=2.3.3=hdaf65b7_3
- matplotlib=3.8.4=py310hd032262_0
- mirisdr=2.0.0=ha17a0cc_0
- numpy=1.26.4=py310h877c07d_0
- pandas=2.2.2=py310h243fb84_0
- pyadi-iio=0.0.16=pyhd8ed1ab_0
- pyfda=0.8.4=pyh9208f05_0
- python=3.10.14=h4005451_0_cpython
- rtl-sdr=2.0.1=ha17a0cc_0
- scipy=1.13.0=py310h784e85a_1
- soapysdr-module-airspy=0.2.0=h6f8e04d_0
- soapysdr-module-airspyhf=0.2.0=h6f8e04d_0
- soapysdr-module-audio=0.1.1=h7f3508f_1
- soapysdr-module-bladerf=0.4.1=hf8708ca_0
- soapysdr-module-hackrf=0.3.4=h6f8e04d_0
- soapysdr-module-lms7=23.11.0=h45eccfa_0
- soapysdr-module-netsdr=0.2.0=he97dc58_1
- soapysdr-module-plutosdr=0.2.2=ha6f28a8_0
- soapysdr-module-redpitaya=0.1.1=he97dc58_0
- soapysdr-module-remote=0.5.2=h6f8e04d_2
- soapysdr-module-rtlsdr=0.3.3=h7f3508f_2
- soapysdr-module-uhd=0.4.1=ha5dbe34_10
- soapysdr-module-volk-converters=0.1.1=h9fb0fc0_2
- soapysdr=0.8.1=py310hd9ef7bd_4
- uhd=4.6.0.0=py310hcd7457b_0
name: radioconda
platform: linux-ppc64le
version: 2024.05.16
