channels:
- conda-forge
- ryanvolz
dependencies:
- airspy=1.0.10=h3422bc3_0
- airspyhf=1.6.8=h3422bc3_0
- bladerf=2023.02=h1a8c8d9_0
- codec2=1.0.3=h3422bc3_0
- digital_rf=2.6.8=py310h7d10cab_2
- ephem=4.1.5=py310hd125d64_1
- gnss-sdr=0.0.18=h182b9d2_16
- gnuradio-adsb=0.0.0.20230411.dev+g32bcb616f=unix_pyh139f5c4_0
- gnuradio-dect2=0.0.0.20240116.dev+gb71cc4b5a=py310hd890512_0
- gnuradio-filerepeater=0.0.0.20240116.dev+g7052243b9=py310he2afc41_0
- gnuradio-foo=0.0.0.20240116.dev+g0aeb43099=py310hb38ff0d_0
- gnuradio-fosphor=0.0.0.20240116.dev+g5d835af=py310hf5c1b88_0
- gnuradio-gpredict-doppler=0.0.0.20231030.dev+g7114d423e=unix_pyh9f2d41d_0
- gnuradio-hermeslite2=v1.0.0.0.post13+fce6387=py310hd890512_0
- gnuradio-hpsdr=0.0.0.20240116.dev+gc668630=py310hd890512_0
- gnuradio-ieee802_11=0.0.0.20240117.dev+g464ae8285=py310h9c4f5c7_0
- gnuradio-ieee802_15_4=3.6.post130+g1850e51=py310h9ef7f51_0
- gnuradio-inspector=0.0.0.20240117.dev+g767dda7=py310hc41691e_0
- gnuradio-iqbalance=0.38.2=py310h39e9df9_2
- gnuradio-iridium=1!1.0.0=py310hda4ee57_10
- gnuradio-leo=1.0.0.post101+c387f10=py310hec9cf5b_0
- gnuradio-lora_sdr=0.0.0.20240117.dev+gd379e210d=py310hec9cf5b_0
- gnuradio-m2k=1.0.0=py310h5270a47_8
- gnuradio-osmosdr=0.2.4=py310hc61fdf3_15
- gnuradio-paint=0.0.0.20240117.dev+g6c36452=py310hec9cf5b_0
- gnuradio-radar=0.0.0.20240117.dev+ge5e15ce=py310hef6ab50_0
- gnuradio-rds=3.10.post19+g183429b=py310h34d6cdf_0
- gnuradio-satellites=5.5.0=py310hd599b52_1
- gnuradio=3.10.9.2=py310h168fd52_0
- gqrx=2.17.3=py310h96fd25f_4
- hackrf=2023.01.1=he9b2178_0
- hamlib-all=4.5.5=osx_3
- inspectrum=0.3.1=h591b114_0
- ipython=8.20.0=pyh707e725_0
- libiio=0.25=hce30654_1
- libm2k=0.7.0=py310h02430b7_2
- limesuite=23.11.0=h778206f_0
- m17-cxx-demod=2.3.3=h3700a85_3
- matplotlib=3.8.2=py310hb6292c7_0
- mirisdr=2.0.0=h93a5062_0
- numpy=1.26.3=py310hd45542a_0
- pandas=2.2.0=py310h401b61c_0
- pyadi-iio=0.0.16=pyhd8ed1ab_0
- pyfda=0.8.4=pyh9208f05_0
- python=3.10.13=h2469fbe_1_cpython
- rtl-sdr=2.0.1=h93a5062_0
- scipy=1.12.0=py310hf4b343e_2
- soapysdr-module-airspy=0.2.0=h4306ade_0
- soapysdr-module-airspyhf=0.2.0=h4306ade_0
- soapysdr-module-audio=0.1.1=h70b5976_1
- soapysdr-module-bladerf=0.4.1=h8167e30_0
- soapysdr-module-hackrf=0.3.4=h4306ade_0
- soapysdr-module-lms7=23.11.0=he20d445_0
- soapysdr-module-netsdr=0.2.0=h370950c_1
- soapysdr-module-plutosdr=0.2.1=he314a61_3
- soapysdr-module-redpitaya=0.1.1=h370950c_0
- soapysdr-module-remote=0.5.2=h4306ade_2
- soapysdr-module-rtlsdr=0.3.3=h70b5976_2
- soapysdr-module-uhd=0.4.1=hcfb10c7_10
- soapysdr-module-volk-converters=0.1.1=hd9aa7c5_2
- soapysdr=0.8.1=py310h38f39d4_4
- uhd=4.6.0.0=py310h1420c5e_0
name: radioconda
platform: osx-arm64
version: 2024.01.26
