channels:
- conda-forge
- ryanvolz
dependencies:
- airspy=1.0.10=hb9d3cd8_1
- airspyhf=1.6.8=hb9d3cd8_1
- alsa-plugins=1.2.12=h702c2b0_1
- bladerf=2024.05=hb9d3cd8_2
- codec2=1.2.0=hb9d3cd8_3
- digital_rf=2.6.11=py312hfc87f03_0
- ephem=4.2=py312h66e93f0_0
- gnss-sdr=0.0.19=ha67f2f6_8
- gnuradio-adsb=0.0.0.20250304.dev+g9645757=unix_py_1
- gnuradio-dect2=0.0.0.20250304.dev+g27a3d6=np20py312hfb79529_1
- gnuradio-filerepeater=0.0.0.20250304.dev+gec6b386=np20py312h1cd7956_2
- gnuradio-foo=0.0.0.20250304.dev+g9e0e2=np20py312he06c7e9_1
- gnuradio-fosphor=0.0.0.20250304.dev+g85a0b8f=np20py312hf6c5108_1
- gnuradio-funcube=3.10.0.rc3=py312h72a8b4f_12
- gnuradio-gpredict-doppler=0.0.0.20250303.dev+g9473cbf=unix_py_1
- gnuradio-hermeslite2=1.0.0.0.post20250305+g2e66561=np20py312hfb79529_0
- gnuradio-hpsdr=0.0.0.20250304.dev+g7748cc9=np20py312hfb79529_1
- gnuradio-ieee802_11=0.0.0.20250304.dev+g761bdd9=np20py312h59d5331_1
- gnuradio-ieee802_15_4=3.6.post20250304+g61f4c4a=np20py312hba54501_1
- gnuradio-inspector=0.0.0.20250303.dev+gad6a69e=np20py312hb5e3830_1
- gnuradio-iqbalance=0.38.2=py312h918ed11_7
- gnuradio-iridium=1!1.0.0=py312h735cc32_16
- gnuradio-leo=1.0.0.post20250214+g8f62b92=np20py312he6740ee_2
- gnuradio-lora_sdr=0.0.0.20250305.dev+ga8143cb=np20py312hba54501_0
- gnuradio-m2k=1.0.0=py312h25c5c46_13
- gnuradio-osmosdr=0.2.6=py312ha5fe6e7_7
- gnuradio-paint=0.0.0.20250303.dev+gfb4f7b6=np20py312hba54501_2
- gnuradio-radar=0.0.0.20250220.dev+g92adce2=np20py312hb8d1e7f_1
- gnuradio-rds=3.10.post20250305+gc1cba54=np20py312hfb79529_0
- gnuradio-satellites=5.7.0=py312h9a6c48e_1
- gnuradio=3.10.12.0=py312h10a6dcf_1
- gqrx=2.17.6=ha2948bb_1
- hackrf=2024.02.1=hee39a08_1
- hamlib-all=4.6.2=linux_2
- inspectrum=0.3.1=hcdab9b9_0
- ipython=9.0.2=pyhfb0248b_0
- libiio=0.26=h74aa577_1
- libm2k=0.9.0=py312h04d462b_1
- limesuite=23.11.0=hdf29579_1
- m17-cxx-demod=2.3.3=h051f366_5
- matplotlib=3.10.1=py312h7900ff3_0
- mirisdr=2.0.0=hb9d3cd8_1
- numpy=2.2.3=py312h72c5963_0
- pandas=2.2.3=py312hf9745cd_1
- pyadi-iio=0.0.19=pyhd8ed1ab_0
- pyfda=0.9.2=pyh9208f05_1
- python=3.12.9=h9e4cc4f_1_cpython
- rtl-sdr=2.0.2=hb9d3cd8_1
- scipy=1.15.2=py312ha707e6e_0
- soapysdr-module-airspy=0.2.0=hee64af1_0
- soapysdr-module-airspyhf=0.2.0=hee64af1_0
- soapysdr-module-audio=0.1.1=h0938181_2
- soapysdr-module-bladerf=0.4.1=hc1d054c_0
- soapysdr-module-fcdpp=0.1.1=h65c8d7f_0
- soapysdr-module-hackrf=0.3.4=hee64af1_0
- soapysdr-module-lms7=23.11.0=h1eb71b1_1
- soapysdr-module-netsdr=0.2.0=hd00649d_1
- soapysdr-module-plutosdr=0.2.2=hf8ba673_1
- soapysdr-module-redpitaya=0.1.1=hd00649d_0
- soapysdr-module-remote=0.5.2=hee64af1_2
- soapysdr-module-rtlsdr=0.3.3=h44a8f8d_2
- soapysdr-module-uhd=0.4.1=haa60c0e_14
- soapysdr-module-volk-converters=0.1.1=h0b997e9_3
- soapysdr=0.8.1=py312h68727a3_5
- uhd=4.8.0.0=py312h0c4309e_0
name: radioconda
platform: linux-64
version: 2025.03.12
