channels:
- conda-forge
- ryanvolz
dependencies:
- airspy=1.0.10=h0d85af4_0
- airspyhf=1.6.8=h0d85af4_0
- bladerf=2023.02=hb7f2c08_0
- codec2=1.0.3=h0d85af4_0
- digital_rf=2.6.8=py310hf5a222c_0
- gnuradio-adsb=0.0.0.20230411.dev+g32bcb616f=unix_pyh139f5c4_0
- gnuradio-filerepeater=0.0.0.20230410.dev+gc1ea67d5d=py310h44b6c42_0
- gnuradio-fosphor=0.0.0.20230406.dev+ga86986d=py310h58b8e73_0
- gnuradio-gpredict-doppler=0.0.0.20230406.dev+g24c9948ff=unix_pyh6bc11b9_0
- gnuradio-hermeslite2=v1.0.0.0.post4+97cda29=py310h44b6c42_0
- gnuradio-inspector=0.0.0.20230411.dev+g9bb595c=py310hd6a690a_0
- gnuradio-iridium=1!1.0.0=py310h42c79f0_4
- gnuradio-leo=1.0.0.post88+9a56634=py310h3f82a45_0
- gnuradio-lora_sdr=0.0.0.20230410.dev+g94340a859=py310hbd59b46_0
- gnuradio-m2k=1.0.0=py310h1d146f5_4
- gnuradio-osmosdr=0.2.4=py310hcaa93c6_3
- gnuradio-paint=0.0.0.20230406.dev+gb37bad2=py310hbd59b46_0
- gnuradio-radar=0.0.0.20230411.dev+ge5cac02=py310h226dfdd_0
- gnuradio-satellites=5.2.0=py310h0d93841_2
- gnuradio=3.10.6.0=py310h561a910_1
- gqrx=2.15.10=haac609d_0
- hackrf=2023.01.1=h75b6cab_0
- inspectrum=0.2.3=h71b3e54_2
- ipython=8.12.0=pyhd1c38e8_0
- libiio=0.24=h694c41f_0
- libm2k=0.7.0=py310hfba3bd2_1
- limesuite=22.09.1=h6beca88_0
- m17-cxx-demod=2.3.3=ha8422f1_2
- matplotlib=3.7.1=py310h2ec42d9_0
- numpy=1.24.3=py310h7451ae0_0
- pandas=2.0.1=py310h5e4fcda_0
- pyadi-iio=0.0.15=pyhd8ed1ab_0
- python=3.10.10=he7542f4_0_cpython
- rtl-sdr=0.6.0.post20220126=h0d85af4_0
- scipy=1.10.1=py310h240c617_0
- soapysdr-module-airspy=0.2.0=ha64c28d_0
- soapysdr-module-airspyhf=0.2.0=ha64c28d_0
- soapysdr-module-audio=0.1.1=h7ecdfb7_0
- soapysdr-module-bladerf=0.4.1=h3f20bda_0
- soapysdr-module-hackrf=0.3.4=ha64c28d_0
- soapysdr-module-lms7=22.09.1=hcbf95fb_0
- soapysdr-module-netsdr=0.2.0=h7ecdfb7_1
- soapysdr-module-plutosdr=0.2.1=hbfed937_3
- soapysdr-module-redpitaya=0.1.1=h7ecdfb7_0
- soapysdr-module-remote=0.5.2=ha64c28d_2
- soapysdr-module-rtlsdr=0.3.0=ha64c28d_1
- soapysdr-module-uhd=0.4.1=h14c3ef5_7
- soapysdr-module-volk-converters=0.1.1=h91a6bfa_1
- soapysdr=0.8.1=py310ha23aa8a_3
- uhd=4.4.0.0=py310h50d9707_0
name: radioconda
platform: osx-64
version: 2023.04.26
