channels:
- conda-forge
- ryanvolz
dependencies:
- airspy=1.0.10=h2466b09_1
- airspyhf=1.6.8=h2466b09_1
- bladerf=2024.05=h2466b09_2
- codec2=1.2.0=hb66ff0d_3
- digital_rf=2.6.11=py312h4ae2cae_0
- ephem=4.2=py312h4389bb4_0
- gnuradio-adsb=0.0.0.20250304.dev+g9645757=win_py_1
- gnuradio-dect2=0.0.0.20250304.dev+g27a3d6=np20py312h9258957_1
- gnuradio-filerepeater=0.0.0.20250304.dev+gec6b386=np20py312h7ccdc22_2
- gnuradio-foo=0.0.0.20250304.dev+g9e0e2=np20py312h5493229_1
- gnuradio-fosphor=0.0.0.20250304.dev+g85a0b8f=np20py312h882ae0e_1
- gnuradio-gpredict-doppler=0.0.0.20250303.dev+g9473cbf=win_py_1
- gnuradio-ieee802_11=0.0.0.20250304.dev+g761bdd9=np20py312he13c6b4_2
- gnuradio-ieee802_15_4=3.6.post20250304+g61f4c4a=np20py312h7473803_1
- gnuradio-inspector=0.0.0.20250303.dev+gad6a69e=np20py312hdc842b3_2
- gnuradio-iqbalance=0.38.2=py312h8eec19f_7
- gnuradio-iridium=1!1.0.0=py312hb011683_16
- gnuradio-leo=1.0.0.post20250214+g8f62b92=np20py312h2db4f98_2
- gnuradio-lora_sdr=0.0.0.20250305.dev+ga8143cb=np20py312h7473803_0
- gnuradio-m2k=1.0.0=py312h7d4c3bc_13
- gnuradio-osmosdr=0.2.6=py312h2d50b52_7
- gnuradio-paint=0.0.0.20250303.dev+gfb4f7b6=np20py312h7473803_2
- gnuradio-radar=0.0.0.20250220.dev+g92adce2=np20py312h8a59db7_1
- gnuradio-rds=3.10.post20250305+gc1cba54=np20py312h9258957_0
- gnuradio-satellites=5.7.0=py312hbcc94bf_1
- gnuradio=3.10.12.0=py312h71de32f_1
- gqrx=2.17.6=h8ed8190_1
- hackrf=2024.02.1=hc14e81b_1
- hamlib-all=4.6.2=win_2
- inspectrum=0.3.1=hfd82842_0
- ipython=9.0.2=pyhca29cf9_0
- libiio=0.26=h8f595e5_1
- libm2k=0.9.0=py312h87514d0_1
- limesuite=23.11.0=h06e44ad_1
- m17-cxx-demod=2.3.3=h01e1179_5
- matplotlib=3.10.1=py312h2e8e312_0
- mirisdr=2.0.0=h2466b09_1
- numpy=2.2.3=py312h3150e54_0
- pandas=2.2.3=py312h72972c8_1
- pyadi-iio=0.0.19=pyhd8ed1ab_0
- pyfda=0.9.2=pyh9208f05_1
- python=3.12.9=h3f84c4b_1_cpython
- rtl-sdr=2.0.2=h2466b09_3
- scipy=1.15.2=py312h451d5c4_0
- soapysdr-module-airspy=0.2.0=h23704b7_0
- soapysdr-module-airspyhf=0.2.0=h23704b7_0
- soapysdr-module-audio=0.1.1=h2b4c12a_2
- soapysdr-module-bladerf=0.4.1=h23704b7_0
- soapysdr-module-hackrf=0.3.4=h23704b7_0
- soapysdr-module-lms7=23.11.0=hdfb3ff0_1
- soapysdr-module-netsdr=0.2.0=h78c1c11_1
- soapysdr-module-plutosdr=0.2.2=h18c8474_1
- soapysdr-module-redpitaya=0.1.1=h78c1c11_0
- soapysdr-module-remote=0.5.2=h23704b7_2
- soapysdr-module-rtlsdr=0.3.3=h78c1c11_2
- soapysdr-module-uhd=0.4.1=h241d428_14
- soapysdr-module-volk-converters=0.1.1=h6358f5f_3
- soapysdr=0.8.1=py312hd5eb7cc_5
- uhd=4.8.0.0=py312h80b3061_0
name: radioconda
platform: win-64
variables:
  GRC_BLOCKS_PATH: ''
  GR_PREFIX: ''
  UHD_PKG_PATH: ''
  VOLK_PREFIX: ''
version: 2025.03.14
