channels:
- conda-forge
- ryanvolz
dependencies:
- airspy=1.0.10=h0d85af4_0
- airspyhf=1.6.8=h0d85af4_0
- bladerf=2023.02=hb7f2c08_0
- codec2=1.0.3=h0d85af4_0
- digital_rf=2.6.8=py311h0ae78f1_2
- gnss-sdr=0.0.18=heec65d0_9
- gnuradio-adsb=0.0.0.20230411.dev+g32bcb616f=unix_pyh139f5c4_0
- gnuradio-dect2=0.0.0.20231030.dev+g601a3d3a7=py311hf8ce2b1_0
- gnuradio-filerepeater=0.0.0.20231030.dev+g257482aa4=py311h9239439_0
- gnuradio-foo=0.0.0.20231030.dev+g126cd61d0=py311hb0e6e41_0
- gnuradio-fosphor=0.0.0.20231031.dev+ga104744=py311hd9124f7_0
- gnuradio-gpredict-doppler=0.0.0.20231030.dev+g7114d423e=unix_pyh9f2d41d_0
- gnuradio-hermeslite2=v1.0.0.0.post11+63b2ca9=py311hf8ce2b1_0
- gnuradio-hpsdr=0.0.0.20231030.dev+g780ec33=py311hf8ce2b1_0
- gnuradio-ieee802_11=0.0.0.20231031.dev+g4db90ce37=py311h75fb57a_0
- gnuradio-ieee802_15_4=3.6.post128+gc3cef3a=py311h2df16b2_0
- gnuradio-inspector=0.0.0.20231031.dev+g8e84135=py311hb548cb9_0
- gnuradio-iqbalance=0.38.2=py311he9b9fd3_1
- gnuradio-iridium=1!1.0.0=py311h37074d2_8
- gnuradio-leo=1.0.0.post99+cbf934b=py311h2df16b2_0
- gnuradio-lora_sdr=0.0.0.20231031.dev+g1c5af1ec2=py311h2df16b2_0
- gnuradio-m2k=1.0.0=py311haf1b9cf_7
- gnuradio-osmosdr=0.2.4=py311h3c447f4_11
- gnuradio-paint=0.0.0.20231031.dev+ge2b4d30=py311h2df16b2_0
- gnuradio-radar=0.0.0.20231031.dev+g62f1f95=py311h9777cb5_0
- gnuradio-rds=3.10.post17+ga9d5e6a=py311hf8ce2b1_0
- gnuradio-satellites=5.4.0=py311hf59af71_4
- gnuradio=3.10.8.0=py311ha3d63af_1
- gqrx=2.17.3=h292ceaa_2
- hackrf=2023.01.1=h75b6cab_0
- hamlib-all=4.5.5=osx_2
- inspectrum=0.3.1=h4507090_0
- ipython=8.17.2=pyh31c8845_0
- libiio=0.25=h694c41f_0
- libm2k=0.7.0=py311he009531_2
- limesuite=23.10.0=h56465c4_0
- m17-cxx-demod=2.3.3=hb3aaeea_3
- matplotlib=3.8.1=py311h6eed73b_0
- mirisdr=2.0.0=h10d778d_0
- numpy=1.26.0=py311hc44ba51_0
- pandas=2.1.2=py311h1eadf79_0
- pyadi-iio=0.0.16=pyhd8ed1ab_0
- pyfda=0.8.4=pyh9208f05_0
- python=3.11.6=h30d4d87_0_cpython
- rtl-sdr=2.0.1=h10d778d_0
- scipy=1.11.3=py311h16c3c4d_1
- soapysdr-module-airspy=0.2.0=ha64c28d_0
- soapysdr-module-airspyhf=0.2.0=ha64c28d_0
- soapysdr-module-audio=0.1.1=h4104cfc_1
- soapysdr-module-bladerf=0.4.1=h3f20bda_0
- soapysdr-module-hackrf=0.3.4=ha64c28d_0
- soapysdr-module-lms7=23.10.0=hf2e4411_0
- soapysdr-module-netsdr=0.2.0=h7ecdfb7_1
- soapysdr-module-plutosdr=0.2.1=hbfed937_3
- soapysdr-module-redpitaya=0.1.1=h7ecdfb7_0
- soapysdr-module-remote=0.5.2=ha64c28d_2
- soapysdr-module-rtlsdr=0.3.3=h4104cfc_2
- soapysdr-module-uhd=0.4.1=h35ec18c_9
- soapysdr-module-volk-converters=0.1.1=h91a6bfa_1
- soapysdr=0.8.1=py311h5fe6e05_4
- uhd=4.5.0.0=py311h75aca63_2
name: radioconda
platform: osx-64
version: 2023.11.06
