channels:
- conda-forge
- ryanvolz
dependencies:
- airspy=1.0.10=h190368a_1
- airspyhf=1.6.8=h190368a_1
- alsa-plugins=1.2.12=h4577cdd_1
- bladerf=2024.05=h190368a_2
- codec2=1.0.3=h1f2b957_1
- digital_rf=2.6.11=py310h55391f2_0
- ephem=4.2=py310hb2fe1c6_0
- gnss-sdr=0.0.18=h70ae29d_19
- gnuradio-adsb=0.0.0.20250304.dev+g9645757=unix_py_1
- gnuradio-dect2=0.0.0.20240502.dev+gb296af2a9=py310h0a1caa6_0
- gnuradio-filerepeater=0.0.0.20240502.dev+gd7bb8846c=py310hb11fc2d_0
- gnuradio-foo=0.0.0.20240502.dev+gc53538a22=py310hc95069f_0
- gnuradio-fosphor=0.0.0.20240502.dev+g656fe2f=py310hef9c1d6_0
- gnuradio-funcube=3.10.0.rc3=py310hac15007_4
- gnuradio-gpredict-doppler=0.0.0.20250303.dev+g9473cbf=unix_py_1
- gnuradio-hermeslite2=v1.0.0.0.post17+8b17ad3=py310h0a1caa6_0
- gnuradio-hpsdr=0.0.0.20240507.dev+g958e157=py310h7639744_0
- gnuradio-ieee802_11=0.0.0.20240507.dev+g8c058d4e0=py310hb16563b_0
- gnuradio-ieee802_15_4=3.6.post133+g932c76f=py310hac62da3_0
- gnuradio-inspector=0.0.0.20240525.dev+g55acca6=py310haac8fb5_0
- gnuradio-iqbalance=0.38.2=py310h4d4c72d_4
- gnuradio-iridium=1!1.0.0=py310h8a2dc07_11
- gnuradio-leo=1.0.0.post105+12a346f=py310h5a5c018_0
- gnuradio-lora_sdr=0.0.0.20240508.dev+g751a65269=py310h5a5c018_0
- gnuradio-m2k=1.0.0=py310hfe1d40f_10
- gnuradio-osmosdr=0.2.4=py310h9f1c927_16
- gnuradio-paint=0.0.0.20240508.dev+g82696a2=py310h5a5c018_0
- gnuradio-radar=0.0.0.20240525.dev+gc59350d=py310h83e1f57_0
- gnuradio-rds=3.10.post22+g2134008=py310h99c2f21_0
- gnuradio-satellites=5.5.0=py310h184d61e_2
- gnuradio=3.10.10.0=py310h84b923e_6
- gqrx=2.17.5=py310h7626089_4
- hackrf=2024.02.1=h9528819_1
- hamlib-all=4.5.5=osx_5
- inspectrum=0.3.1=hb0a1fd9_0
- ipython=8.34.0=pyh907856f_0
- libiio=0.26=ha3edaa6_0
- libm2k=0.8.0=py310h90d1214_1
- limesuite=23.11.0=hb7d5b33_1
- m17-cxx-demod=2.3.3=hdaf65b7_3
- matplotlib=3.10.1=py310hd032262_0
- mirisdr=2.0.0=h190368a_1
- numpy=1.26.4=py310h877c07d_0
- pandas=2.2.3=py310h13407bf_2
- pyadi-iio=0.0.19=pyhd8ed1ab_0
- pyfda=0.9.2=pyh9208f05_1
- python=3.10.16=h389347d_1_cpython
- rtl-sdr=2.0.2=h190368a_3
- scipy=1.15.2=py310h7438458_0
- soapysdr-module-airspy=0.2.0=h6f8e04d_0
- soapysdr-module-airspyhf=0.2.0=h6f8e04d_0
- soapysdr-module-audio=0.1.1=h7f3508f_1
- soapysdr-module-bladerf=0.4.1=hf8708ca_0
- soapysdr-module-fcdpp=0.1.1=h135aeac_0
- soapysdr-module-hackrf=0.3.4=h6f8e04d_0
- soapysdr-module-lms7=23.11.0=ha119c29_1
- soapysdr-module-netsdr=0.2.0=he97dc58_1
- soapysdr-module-plutosdr=0.2.2=h19da3d8_1
- soapysdr-module-redpitaya=0.1.1=he97dc58_0
- soapysdr-module-remote=0.5.2=h6f8e04d_2
- soapysdr-module-rtlsdr=0.3.3=h7f3508f_2
- soapysdr-module-uhd=0.4.1=ha5dbe34_10
- soapysdr-module-volk-converters=0.1.1=h9fb0fc0_2
- soapysdr=0.8.1=py310he0f4a0b_5
- uhd=4.6.0.0=py310hcd7457b_0
name: radioconda
platform: linux-ppc64le
version: 2025.03.14
