channels:
- conda-forge
- ryanvolz
dependencies:
- airspy=1.0.10=h7f98852_0
- airspyhf=1.6.8=h7f98852_0
- alsa-plugins=1.2.7.1=h5a936d4_4
- bladerf=2022.11=h166bdaf_0
- codec2=1.0.3=h7f98852_0
- digital_rf=2.6.8=py310hd40b102_0
- gnuradio-fosphor=0.0.0.20221223.dev+g84e9d8f=py310hb5c77cb_0
- gnuradio-inspector=0.0.0.20221223.dev+gb55e0e1=py310hed9bf60_0
- gnuradio-iridium=1!1.0.0=py310h56f87c6_2
- gnuradio-leo=1.0.0.post84+a447553=py310h5659625_0
- gnuradio-m2k=1.0.0=py310h8707a87_3
- gnuradio-osmosdr=0.2.4=py310h223e0e6_0
- gnuradio-paint=0.0.0.20221223.dev+g1874506=py310h3ce3034_0
- gnuradio-radar=0.0.0.20221223.dev+g631188f=py310h21ce6be_0
- gnuradio-satellites=5.1.1=py310h4bb4b2a_1
- gnuradio=3.10.5.0=py310hafe1a96_2
- gqrx=2.15.9=h21a66ab_7
- hackrf=2022.09.1=hbea9962_1
- inspectrum=0.2.3=h399a0ce_1
- ipython=8.8.0=pyh41d4057_0
- libiio=0.24=ha770c72_0
- libm2k=0.7.0=py310h0e40e9c_1
- limesuite=22.09.1=h6c2faf7_0
- m17-cxx-demod=2.3.3=h78f2749_2
- matplotlib=3.6.3=py310hff52083_0
- numpy=1.24.1=py310h08bbf29_0
- pandas=1.5.3=py310h9b08913_0
- pyadi-iio=0.0.14=pyhd8ed1ab_0
- python=3.10.8=h4a9ceb5_0_cpython
- rtl-sdr=0.6.0.post20220126=h18f079d_0
- scipy=1.10.0=py310h8deb116_0
- soapysdr-module-airspy=0.2.0=hee64af1_0
- soapysdr-module-airspyhf=0.2.0=hee64af1_0
- soapysdr-module-audio=0.1.1=hd00649d_0
- soapysdr-module-bladerf=0.4.1=hc1d054c_0
- soapysdr-module-hackrf=0.3.4=hee64af1_0
- soapysdr-module-lms7=22.09.1=hc6514a0_0
- soapysdr-module-netsdr=0.2.0=hd00649d_0
- soapysdr-module-plutosdr=0.2.1=h20c8c4b_3
- soapysdr-module-redpitaya=0.1.1=hd00649d_0
- soapysdr-module-remote=0.5.2=hee64af1_2
- soapysdr-module-rtlsdr=0.3.0=hee64af1_1
- soapysdr-module-uhd=0.4.1=h97a40be_6
- soapysdr-module-volk-converters=0.1.1=h6e8468c_0
- soapysdr=0.8.1=py310hbf28c38_3
- uhd=4.3.0.0=py310hbdee986_1
name: radioconda
platform: linux-64
version: 2023.01.19
