channels:
- conda-forge
- ryanvolz
dependencies:
- airspy=1.0.10=h8ffe710_0
- airspyhf=1.6.8=h8ffe710_0
- bladerf=2023.02=hcfcfb64_0
- codec2=1.0.3=hcd874cb_0
- digital_rf=2.6.8=py310he7dc8db_0
- gnuradio-fosphor=0.0.0.20230207.dev+g0a70db4=py310hcf7ce2d_0
- gnuradio-inspector=0.0.0.20230207.dev+g9d85c8d=py310h3251792_0
- gnuradio-iridium=1!1.0.0=py310h6197b5c_3
- gnuradio-leo=1.0.0.post85+6a5933d=py310hda5f797_0
- gnuradio-m2k=1.0.0=py310hfa9fc36_3
- gnuradio-osmosdr=0.2.4=py310h8e9f3ed_2
- gnuradio-paint=0.0.0.20230207.dev+gf2eb754=py310h0a8bbed_0
- gnuradio-radar=0.0.0.20230207.dev+ge3b0e67=py310h26fd4ac_0
- gnuradio-satellites=5.2.0=py310h4c65e4f_1
- gnuradio=3.10.5.1=py310h6348509_2
- gqrx=2.15.9=h5ca096d_8
- hackrf=2023.01.1=h9647d90_0
- inspectrum=0.2.3=hfd82842_1
- ipython=8.10.0=pyh08f2357_0
- libiio=0.24=h57928b3_0
- libm2k=0.7.0=py310h6b2dc8b_1
- limesuite=22.09.1=hdee86e2_0
- m17-cxx-demod=2.3.3=h5596bb6_2
- matplotlib=3.7.0=py310h5588dad_0
- numpy=1.24.2=py310hd02465a_0
- pandas=1.5.3=py310h1c4a608_0
- pyadi-iio=0.0.14=pyhd8ed1ab_0
- python=3.10.9=h4de0772_0_cpython
- rtl-sdr=0.6.0.post20220126=h8ffe710_0
- scipy=1.10.1=py310h578b7cb_0
- soapysdr-module-airspy=0.2.0=h23704b7_0
- soapysdr-module-airspyhf=0.2.0=h23704b7_0
- soapysdr-module-audio=0.1.1=h78c1c11_0
- soapysdr-module-bladerf=0.4.1=h23704b7_0
- soapysdr-module-hackrf=0.3.4=h23704b7_0
- soapysdr-module-lms7=22.09.1=h83e77cb_0
- soapysdr-module-netsdr=0.2.0=h78c1c11_1
- soapysdr-module-plutosdr=0.2.1=h3cbcf99_3
- soapysdr-module-redpitaya=0.1.1=h78c1c11_0
- soapysdr-module-remote=0.5.2=h23704b7_2
- soapysdr-module-rtlsdr=0.3.0=h23704b7_1
- soapysdr-module-uhd=0.4.1=hf1ba453_7
- soapysdr-module-volk-converters=0.1.1=h30b3987_1
- soapysdr=0.8.1=py310h232114e_3
- uhd=4.4.0.0=py310h947664d_0
name: radioconda
platform: win-64
variables:
  GRC_BLOCKS_PATH: ''
  GR_PREFIX: ''
  UHD_PKG_PATH: ''
  VOLK_PREFIX: ''
version: 2023.02.24
