channels:
- conda-forge
- ryanvolz
dependencies:
- airspy=1.0.10=h190368a_1
- airspyhf=1.6.8=h190368a_1
- alsa-plugins=1.2.12=h4577cdd_1
- bladerf=2024.05=h190368a_2
- codec2=1.2.0=h190368a_3
- digital_rf=2.6.11=py312h24b6a2b_0
- ephem=4.2=py312h2984477_0
- gnss-sdr=0.0.19=h99d4115_8
- gnuradio-adsb=0.0.0.20250304.dev+g9645757=unix_py_1
- gnuradio-dect2=0.0.0.20250304.dev+g27a3d6=np20py312h4505ba2_1
- gnuradio-filerepeater=0.0.0.20250304.dev+gec6b386=np20py312h33f3ff4_2
- gnuradio-foo=0.0.0.20250304.dev+g9e0e2=np20py312hc3e7d76_1
- gnuradio-fosphor=0.0.0.20250304.dev+g85a0b8f=np20py312hd5e0354_1
- gnuradio-funcube=3.10.0.rc3=py312h61192de_12
- gnuradio-gpredict-doppler=0.0.0.20250303.dev+g9473cbf=unix_py_1
- gnuradio-hermeslite2=1.0.0.0.post20250305+g2e66561=np20py312h4505ba2_0
- gnuradio-hpsdr=0.0.0.20250304.dev+g7748cc9=np20py312h4505ba2_1
- gnuradio-ieee802_11=0.0.0.20250304.dev+g761bdd9=np20py312h5e2e7f3_1
- gnuradio-ieee802_15_4=3.6.post20250304+g61f4c4a=np20py312hb29d5ec_1
- gnuradio-inspector=0.0.0.20250303.dev+gad6a69e=np20py312hb37a15b_1
- gnuradio-iqbalance=0.38.2=py312hf51c7de_7
- gnuradio-iridium=1!1.0.0=py312hb17df1d_16
- gnuradio-leo=1.0.0.post20250214+g8f62b92=np20py312he29e660_2
- gnuradio-lora_sdr=0.0.0.20250305.dev+ga8143cb=np20py312hb29d5ec_0
- gnuradio-m2k=1.0.0=py312h4d0ff1b_13
- gnuradio-osmosdr=0.2.6=py312h300cd9a_7
- gnuradio-paint=0.0.0.20250303.dev+gfb4f7b6=np20py312hb29d5ec_2
- gnuradio-radar=0.0.0.20250220.dev+g92adce2=np20py312hb656b40_1
- gnuradio-rds=3.10.post20250305+gc1cba54=np20py312h4505ba2_0
- gnuradio-satellites=5.7.0=py312he19e01c_1
- gnuradio=3.10.12.0=py312hd23bcef_1
- gqrx=2.17.6=py312hec09a99_1
- hackrf=2024.02.1=h9528819_1
- hamlib-all=4.6.2=linux_2
- inspectrum=0.3.1=hb0a1fd9_0
- ipython=9.0.2=pyhfb0248b_0
- libiio=0.26=h0167b25_1
- libm2k=0.9.0=py312hfad950e_1
- limesuite=23.11.0=hb7d5b33_1
- m17-cxx-demod=2.3.3=hb5129e9_5
- matplotlib=3.10.1=py312h2344ed7_0
- mirisdr=2.0.0=h190368a_1
- numpy=2.2.3=py312h54c08a6_0
- pandas=2.2.3=py312h2613dcb_2
- pyadi-iio=0.0.19=pyhd8ed1ab_0
- pyfda=0.9.2=pyh9208f05_1
- python=3.12.9=he016669_1_cpython
- rtl-sdr=2.0.2=h190368a_1
- scipy=1.15.2=py312h8c5dd32_0
- soapysdr-module-airspy=0.2.0=h6f8e04d_0
- soapysdr-module-airspyhf=0.2.0=h6f8e04d_0
- soapysdr-module-audio=0.1.1=h96c2adf_2
- soapysdr-module-bladerf=0.4.1=hf8708ca_0
- soapysdr-module-fcdpp=0.1.1=h135aeac_0
- soapysdr-module-hackrf=0.3.4=h6f8e04d_0
- soapysdr-module-lms7=23.11.0=ha119c29_1
- soapysdr-module-netsdr=0.2.0=he97dc58_1
- soapysdr-module-plutosdr=0.2.2=ha6f28a8_0
- soapysdr-module-redpitaya=0.1.1=he97dc58_0
- soapysdr-module-remote=0.5.2=h6f8e04d_2
- soapysdr-module-rtlsdr=0.3.3=h7f3508f_2
- soapysdr-module-uhd=0.4.1=h56adf28_14
- soapysdr-module-volk-converters=0.1.1=h3047db8_3
- soapysdr=0.8.1=py312hc0892ed_5
- uhd=4.8.0.0=py312ha2da450_0
name: radioconda
platform: linux-ppc64le
version: 2025.03.11
