channels:
- conda-forge
- ryanvolz
dependencies:
- airspy=1.0.10=h6e16a3a_1
- airspyhf=1.6.8=h6e16a3a_1
- bladerf=2024.05=h6e16a3a_2
- codec2=1.2.0=h6e16a3a_3
- digital_rf=2.6.11=py312hb4e6a8e_0
- ephem=4.2=py312h01d7ebd_0
- gnss-sdr=0.0.19=h27504fe_8
- gnuradio-adsb=0.0.0.20250304.dev+g9645757=unix_py_1
- gnuradio-dect2=0.0.0.20250304.dev+g27a3d6=np20py312ha54dcc3_1
- gnuradio-filerepeater=0.0.0.20250304.dev+gec6b386=np20py312hd6957e9_2
- gnuradio-foo=0.0.0.20250304.dev+g9e0e2=np20py312ha031aef_1
- gnuradio-fosphor=0.0.0.20250304.dev+g85a0b8f=np20py312hbc77901_1
- gnuradio-gpredict-doppler=0.0.0.20250303.dev+g9473cbf=unix_py_1
- gnuradio-hermeslite2=1.0.0.0.post20250305+g2e66561=np20py312ha54dcc3_0
- gnuradio-hpsdr=0.0.0.20250304.dev+g7748cc9=np20py312ha54dcc3_1
- gnuradio-ieee802_11=0.0.0.20250304.dev+g761bdd9=np20py312hb9afde1_1
- gnuradio-ieee802_15_4=3.6.post20250304+g61f4c4a=np20py312hcd68dcb_1
- gnuradio-inspector=0.0.0.20250303.dev+gad6a69e=np20py312h3c55089_1
- gnuradio-iqbalance=0.38.2=py312h792ae45_7
- gnuradio-iridium=1!1.0.0=py312h8846ea6_16
- gnuradio-leo=1.0.0.post20250214+g8f62b92=np20py312ha067ba0_2
- gnuradio-lora_sdr=0.0.0.20250305.dev+ga8143cb=np20py312hcd68dcb_0
- gnuradio-m2k=1.0.0=py312he14e3f5_13
- gnuradio-osmosdr=0.2.6=py312h338709e_7
- gnuradio-paint=0.0.0.20250303.dev+gfb4f7b6=np20py312hcd68dcb_2
- gnuradio-radar=0.0.0.20250220.dev+g92adce2=np20py312hd333b83_1
- gnuradio-rds=3.10.post20250305+gc1cba54=np20py312ha54dcc3_0
- gnuradio-satellites=5.7.0=py312h334535e_1
- gnuradio=3.10.12.0=py312h0b3b3f0_1
- gqrx=2.17.6=h33da310_1
- hackrf=2024.02.1=h979b6e9_1
- hamlib-all=4.6.2=osx_2
- inspectrum=0.3.1=h4507090_0
- ipython=9.0.2=pyhfb0248b_0
- libiio=0.26=h98b3b24_1
- libm2k=0.9.0=py312h3a92375_1
- limesuite=23.11.0=h8f9d4fd_1
- m17-cxx-demod=2.3.3=haaa64e9_5
- matplotlib=3.10.1=py312hb401068_0
- mirisdr=2.0.0=h6e16a3a_1
- numpy=2.2.3=py312h6693b03_0
- pandas=2.2.3=py312h98e817e_1
- pyadi-iio=0.0.19=pyhd8ed1ab_0
- pyfda=0.9.2=pyh9208f05_1
- python=3.12.9=h9ccd52b_1_cpython
- rtl-sdr=2.0.2=h6e16a3a_1
- scipy=1.15.2=py312hd04560d_0
- soapysdr-module-airspy=0.2.0=ha64c28d_0
- soapysdr-module-airspyhf=0.2.0=ha64c28d_0
- soapysdr-module-audio=0.1.1=h4045702_2
- soapysdr-module-bladerf=0.4.1=h3f20bda_0
- soapysdr-module-hackrf=0.3.4=ha64c28d_0
- soapysdr-module-lms7=23.11.0=hd56791b_1
- soapysdr-module-netsdr=0.2.0=h7ecdfb7_1
- soapysdr-module-plutosdr=0.2.2=h71197eb_1
- soapysdr-module-redpitaya=0.1.1=h7ecdfb7_0
- soapysdr-module-remote=0.5.2=ha64c28d_2
- soapysdr-module-rtlsdr=0.3.3=h4104cfc_2
- soapysdr-module-uhd=0.4.1=h7986aa4_14
- soapysdr-module-volk-converters=0.1.1=ha5c124a_3
- soapysdr=0.8.1=py312hc5c4d5f_5
- uhd=4.8.0.0=py312h807a617_0
name: radioconda
platform: osx-64
version: 2025.03.12
