channels:
- conda-forge
- ryanvolz
dependencies:
- airspy=1.0.10=hf897c2e_0
- airspyhf=1.6.8=hf897c2e_0
- alsa-plugins=1.2.7.1=h9cc18b2_8
- bladerf=2023.02=hb4cce97_0
- codec2=1.0.3=hf897c2e_0
- digital_rf=2.6.8=py310h6f88c6d_1
- gnuradio-adsb=0.0.0.20230411.dev+g32bcb616f=unix_pyh139f5c4_0
- gnuradio-dect2=0.0.0.20230724.dev+g1e19fec9b=py310ha9998ee_0
- gnuradio-filerepeater=0.0.0.20230720.dev+g6cfdd6298=py310h7407e76_0
- gnuradio-foo=0.0.0.20230719.dev+g4544a4be7=py310h5698221_0
- gnuradio-fosphor=0.0.0.20230721.dev+g3bc8c63=py310hb6b1cb9_0
- gnuradio-gpredict-doppler=0.0.0.20230406.dev+g24c9948ff=unix_pyh6bc11b9_0
- gnuradio-hermeslite2=v1.0.0.0.post9+65907c7=py310ha9998ee_0
- gnuradio-hpsdr=0.0.0.20230724.dev+g3adf748=py310ha9998ee_0
- gnuradio-ieee802_11=0.0.0.20230721.dev+gd1f9fc80c=py310h5f51a68_0
- gnuradio-ieee802_15_4=3.6.post122+g285a13a=py310h22dd036_0
- gnuradio-inspector=0.0.0.20230721.dev+gdee563b=py310he99b969_0
- gnuradio-iridium=1!1.0.0=py310h05d7178_5
- gnuradio-leo=1.0.0.post89+9806f65=py310h2657b1b_0
- gnuradio-lora_sdr=0.0.0.20230720.dev+g734d2ee71=py310ha263588_0
- gnuradio-m2k=1.0.0=py310ha6b5459_5
- gnuradio-osmosdr=0.2.4=py310hacd8ec3_4
- gnuradio-paint=0.0.0.20230721.dev+g851daac=py310ha263588_0
- gnuradio-radar=0.0.0.20230721.dev+gb7a3cfc=py310hc1f06e5_0
- gnuradio-rds=3.10.post11+gd2589c8=py310h4e84ff1_0
- gnuradio-satellites=5.3.0=py310h647278f_1
- gnuradio=3.10.7.0=py310h7b17714_1
- gqrx=2.16=py310ha5f1c60_1
- hackrf=2022.09.1=h136fa51_1
- inspectrum=0.2.3=he8aff54_2
- ipython=8.14.0=pyh41d4057_0
- libiio=0.24=h8af1aa0_1
- libm2k=0.7.0=py310hf872164_1
- limesuite=22.09.1=hbcd9a5b_0
- m17-cxx-demod=2.3.3=hdc519d8_2
- matplotlib=3.7.2=py310hbbe02a8_0
- numpy=1.25.1=py310h7f380f4_0
- pandas=2.0.3=py310h913788e_1
- pyadi-iio=0.0.15=pyhd8ed1ab_0
- python=3.10.12=hbbe8eec_0_cpython
- rtl-sdr=0.6.0.post20220126=hdb429d0_0
- scipy=1.11.1=py310h7f380f4_0
- soapysdr-module-airspy=0.2.0=he88f3d8_0
- soapysdr-module-airspyhf=0.2.0=he88f3d8_0
- soapysdr-module-audio=0.1.1=hc0426f7_0
- soapysdr-module-bladerf=0.4.1=hbad66d3_0
- soapysdr-module-hackrf=0.3.4=he88f3d8_0
- soapysdr-module-lms7=22.09.1=he4c3f9d_0
- soapysdr-module-netsdr=0.2.0=hc0426f7_1
- soapysdr-module-plutosdr=0.2.1=h872020c_3
- soapysdr-module-redpitaya=0.1.1=hc0426f7_0
- soapysdr-module-remote=0.5.2=he88f3d8_2
- soapysdr-module-rtlsdr=0.3.3=hd53839e_0
- soapysdr-module-uhd=0.4.1=h112d67c_7
- soapysdr-module-volk-converters=0.1.1=h1635607_1
- soapysdr=0.8.1=py310hb15e014_3
- uhd=4.4.0.0=py310h133bfd9_0
name: radioconda
platform: linux-aarch64
version: 2023.07.24
