channels:
- conda-forge
- ryanvolz
dependencies:
- airspy=1.0.10=h7f98852_0
- airspyhf=1.6.8=h7f98852_0
- alsa-plugins=1.2.7.1=h4b7e4fb_6
- bladerf=2023.02=h0b41bf4_0
- codec2=1.0.3=h7f98852_0
- digital_rf=2.6.8=py310hd40b102_0
- gnuradio-adsb=0.0.0.20230411.dev+g32bcb616f=unix_pyh139f5c4_0
- gnuradio-filerepeater=0.0.0.20230410.dev+gc1ea67d5d=py310h8c495b2_0
- gnuradio-fosphor=0.0.0.20230406.dev+ga86986d=py310hffaba35_0
- gnuradio-gpredict-doppler=0.0.0.20230406.dev+g24c9948ff=unix_pyh6bc11b9_0
- gnuradio-hermeslite2=v1.0.0.0.post4+97cda29=py310h8c495b2_0
- gnuradio-inspector=0.0.0.20230411.dev+g9bb595c=py310h6ab4440_0
- gnuradio-iridium=1!1.0.0=py310he2aaf7e_4
- gnuradio-leo=1.0.0.post88+9a56634=py310he4b32e2_0
- gnuradio-lora_sdr=0.0.0.20230410.dev+g94340a859=py310h8a68c67_0
- gnuradio-m2k=1.0.0=py310h8133ec4_4
- gnuradio-osmosdr=0.2.4=py310h438d12e_3
- gnuradio-paint=0.0.0.20230406.dev+gb37bad2=py310h8a68c67_0
- gnuradio-radar=0.0.0.20230411.dev+ge5cac02=py310h9813849_0
- gnuradio-satellites=5.2.0=py310h9ec58eb_2
- gnuradio=3.10.6.0=py310h8c84675_1
- gqrx=2.15.10=h1fe8aae_0
- hackrf=2023.01.1=h8067d65_0
- inspectrum=0.2.3=h399a0ce_2
- ipython=8.12.0=pyh41d4057_0
- libiio=0.24=ha770c72_0
- libm2k=0.7.0=py310h0e40e9c_1
- limesuite=22.09.1=h6c2faf7_0
- m17-cxx-demod=2.3.3=h78f2749_2
- matplotlib=3.7.1=py310hff52083_0
- numpy=1.24.3=py310ha4c1d20_0
- pandas=2.0.1=py310h7cbd5c2_0
- pyadi-iio=0.0.15=pyhd8ed1ab_0
- python=3.10.10=he550d4f_0_cpython
- rtl-sdr=0.6.0.post20220126=h18f079d_0
- scipy=1.10.1=py310h8deb116_0
- soapysdr-module-airspy=0.2.0=hee64af1_0
- soapysdr-module-airspyhf=0.2.0=hee64af1_0
- soapysdr-module-audio=0.1.1=hd00649d_0
- soapysdr-module-bladerf=0.4.1=hc1d054c_0
- soapysdr-module-hackrf=0.3.4=hee64af1_0
- soapysdr-module-lms7=22.09.1=hc6514a0_0
- soapysdr-module-netsdr=0.2.0=hd00649d_1
- soapysdr-module-plutosdr=0.2.1=h20c8c4b_3
- soapysdr-module-redpitaya=0.1.1=hd00649d_0
- soapysdr-module-remote=0.5.2=hee64af1_2
- soapysdr-module-rtlsdr=0.3.0=hee64af1_1
- soapysdr-module-uhd=0.4.1=h97f1d79_7
- soapysdr-module-volk-converters=0.1.1=h76dd0b8_1
- soapysdr=0.8.1=py310hbf28c38_3
- uhd=4.4.0.0=py310h96a67fc_0
name: radioconda
platform: linux-64
version: 2023.04.26
