channels:
- conda-forge
- ryanvolz
dependencies:
- airspy=1.0.10=hf897c2e_0
- airspyhf=1.6.8=hf897c2e_0
- alsa-plugins=1.2.7.1=hd15b343_6
- bladerf=2023.02=hb4cce97_0
- codec2=1.0.3=hf897c2e_0
- digital_rf=2.6.8=py310hcbfaa71_0
- gnuradio-adsb=0.0.0.20230411.dev+g32bcb616f=unix_pyh139f5c4_0
- gnuradio-filerepeater=0.0.0.20230410.dev+gc1ea67d5d=py310h6165037_0
- gnuradio-fosphor=0.0.0.20230406.dev+ga86986d=py310h8f56567_0
- gnuradio-gpredict-doppler=0.0.0.20230406.dev+g24c9948ff=unix_pyh6bc11b9_0
- gnuradio-hermeslite2=v1.0.0.0.post4+97cda29=py310h6165037_0
- gnuradio-inspector=0.0.0.20230411.dev+g9bb595c=py310hddbe10d_0
- gnuradio-iridium=1!1.0.0=py310hfd12796_4
- gnuradio-leo=1.0.0.post88+9a56634=py310h283ea21_0
- gnuradio-lora_sdr=0.0.0.20230410.dev+g94340a859=py310h20b5c0b_0
- gnuradio-m2k=1.0.0=py310h59f5ee7_4
- gnuradio-osmosdr=0.2.4=py310h196ca94_3
- gnuradio-paint=0.0.0.20230406.dev+gb37bad2=py310h20b5c0b_0
- gnuradio-radar=0.0.0.20230411.dev+ge5cac02=py310h1a33999_0
- gnuradio-satellites=5.2.0=py310h1386ad2_2
- gnuradio=3.10.6.0=py310h9d88a14_1
- gqrx=2.15.10=py310hdb236e8_0
- hackrf=2022.09.1=h136fa51_1
- inspectrum=0.2.3=he8aff54_2
- ipython=8.12.0=pyh41d4057_0
- libiio=0.24=h8af1aa0_0
- libm2k=0.7.0=py310hf872164_1
- limesuite=22.09.1=hbcd9a5b_0
- m17-cxx-demod=2.3.3=hdc519d8_2
- matplotlib=3.7.1=py310hbbe02a8_0
- numpy=1.24.3=py310h7f380f4_0
- pandas=2.0.1=py310hb3c830e_0
- pyadi-iio=0.0.15=pyhd8ed1ab_0
- python=3.10.10=ha43d526_0_cpython
- rtl-sdr=0.6.0.post20220126=hdb429d0_0
- scipy=1.10.1=py310ha54f743_0
- soapysdr-module-airspy=0.2.0=he88f3d8_0
- soapysdr-module-airspyhf=0.2.0=he88f3d8_0
- soapysdr-module-audio=0.1.1=hc0426f7_0
- soapysdr-module-bladerf=0.4.1=hbad66d3_0
- soapysdr-module-hackrf=0.3.4=he88f3d8_0
- soapysdr-module-lms7=22.09.1=he4c3f9d_0
- soapysdr-module-netsdr=0.2.0=hc0426f7_1
- soapysdr-module-plutosdr=0.2.1=h872020c_3
- soapysdr-module-redpitaya=0.1.1=hc0426f7_0
- soapysdr-module-remote=0.5.2=he88f3d8_2
- soapysdr-module-rtlsdr=0.3.0=he88f3d8_1
- soapysdr-module-uhd=0.4.1=h112d67c_7
- soapysdr-module-volk-converters=0.1.1=h1635607_1
- soapysdr=0.8.1=py310hb15e014_3
- uhd=4.4.0.0=py310h133bfd9_0
name: radioconda
platform: linux-aarch64
version: 2023.04.26
