channels:
- conda-forge
- ryanvolz
dependencies:
- airspy=1.0.10=h7f98852_0
- airspyhf=1.6.8=h7f98852_0
- alsa-plugins=1.2.7.1=h5a936d4_4
- bladerf=2023.02=h0b41bf4_0
- codec2=1.0.3=h7f98852_0
- digital_rf=2.6.8=py310hd40b102_0
- gnuradio-fosphor=0.0.0.20230207.dev+g0a70db4=py310h6dbe5ff_0
- gnuradio-inspector=0.0.0.20230207.dev+g9d85c8d=py310h015665a_0
- gnuradio-iridium=1!1.0.0=py310h7969f34_3
- gnuradio-leo=1.0.0.post85+6a5933d=py310hed22013_0
- gnuradio-m2k=1.0.0=py310h8707a87_3
- gnuradio-osmosdr=0.2.4=py310h6bce9c1_2
- gnuradio-paint=0.0.0.20230207.dev+gf2eb754=py310h06b95c8_0
- gnuradio-radar=0.0.0.20230207.dev+ge3b0e67=py310h039d8f3_0
- gnuradio-satellites=5.2.0=py310h39693b7_1
- gnuradio=3.10.5.1=py310h4328fad_2
- gqrx=2.15.9=h0b0bc38_8
- hackrf=2023.01.1=h8067d65_0
- inspectrum=0.2.3=h399a0ce_1
- ipython=8.10.0=pyh41d4057_0
- libiio=0.24=ha770c72_0
- libm2k=0.7.0=py310h0e40e9c_1
- limesuite=22.09.1=h6c2faf7_0
- m17-cxx-demod=2.3.3=h78f2749_2
- matplotlib=3.7.0=py310hff52083_0
- numpy=1.24.2=py310h8deb116_0
- pandas=1.5.3=py310h9b08913_0
- pyadi-iio=0.0.14=pyhd8ed1ab_0
- python=3.10.9=he550d4f_0_cpython
- rtl-sdr=0.6.0.post20220126=h18f079d_0
- scipy=1.10.1=py310h8deb116_0
- soapysdr-module-airspy=0.2.0=hee64af1_0
- soapysdr-module-airspyhf=0.2.0=hee64af1_0
- soapysdr-module-audio=0.1.1=hd00649d_0
- soapysdr-module-bladerf=0.4.1=hc1d054c_0
- soapysdr-module-hackrf=0.3.4=hee64af1_0
- soapysdr-module-lms7=22.09.1=hc6514a0_0
- soapysdr-module-netsdr=0.2.0=hd00649d_1
- soapysdr-module-plutosdr=0.2.1=h20c8c4b_3
- soapysdr-module-redpitaya=0.1.1=hd00649d_0
- soapysdr-module-remote=0.5.2=hee64af1_2
- soapysdr-module-rtlsdr=0.3.0=hee64af1_1
- soapysdr-module-uhd=0.4.1=h97f1d79_7
- soapysdr-module-volk-converters=0.1.1=h76dd0b8_1
- soapysdr=0.8.1=py310hbf28c38_3
- uhd=4.4.0.0=py310h96a67fc_0
name: radioconda
platform: linux-64
version: 2023.02.24
