channels:
- conda-forge
- ryanvolz
dependencies:
- airspy=1.0.10=h3422bc3_0
- airspyhf=1.6.8=h3422bc3_0
- bladerf=2023.02=h1a8c8d9_0
- codec2=1.0.3=h3422bc3_0
- digital_rf=2.6.8=py310h7d10cab_2
- ephem=4.1.5=py310hd125d64_1
- gnss-sdr=0.0.18=h8747f70_19
- gnuradio-adsb=0.0.0.20240508.dev+gafd7fabda=unix_pyha6c0e43_0
- gnuradio-dect2=0.0.0.20240502.dev+gb296af2a9=py310hf97cb1e_0
- gnuradio-filerepeater=0.0.0.20240508.dev+gd7bb8846c=py310h108dd60_0
- gnuradio-foo=0.0.0.20240502.dev+gc53538a22=py310hd1a744e_0
- gnuradio-fosphor=0.0.0.20240502.dev+g656fe2f=py310hbfd932c_0
- gnuradio-gpredict-doppler=0.0.0.20240508.dev+gb06bc7678=unix_pyha1ad6f9_0
- gnuradio-hermeslite2=v1.0.0.0.post17+8b17ad3=py310hf97cb1e_0
- gnuradio-hpsdr=0.0.0.20240507.dev+g958e157=py310h0f0892f_0
- gnuradio-ieee802_11=0.0.0.20240507.dev+g8c058d4e0=py310h9081a98_0
- gnuradio-ieee802_15_4=3.6.post133+g932c76f=py310h0131f0b_0
- gnuradio-inspector=0.0.0.20240507.dev+g47e47d4=py310hc70f090_0
- gnuradio-iqbalance=0.38.2=py310h7bae070_3
- gnuradio-iridium=1!1.0.0=py310h1a9487a_11
- gnuradio-leo=1.0.0.post105+12a346f=py310hbd5b434_0
- gnuradio-lora_sdr=0.0.0.20240508.dev+g751a65269=py310hbd5b434_0
- gnuradio-m2k=1.0.0=py310hf60a216_9
- gnuradio-osmosdr=0.2.4=py310h5c4d73c_16
- gnuradio-paint=0.0.0.20240508.dev+g82696a2=py310hbd5b434_0
- gnuradio-radar=0.0.0.20240508.dev+g0b237f6=py310hd3c755a_0
- gnuradio-rds=3.10.post22+g2134008=py310hebe94f0_0
- gnuradio-satellites=5.5.0=py310h4de452a_2
- gnuradio=3.10.10.0=py310he46b942_3
- gqrx=2.17.5=py310h20b40ff_3
- hackrf=2024.02.1=hdaa6d3f_0
- hamlib-all=4.5.5=osx_3
- inspectrum=0.3.1=h591b114_0
- ipython=8.24.0=pyh707e725_0
- libiio=0.25=hce30654_1
- libm2k=0.8.0=py310hb469b4f_0
- limesuite=23.11.0=h778206f_0
- m17-cxx-demod=2.3.3=h3700a85_3
- matplotlib=3.8.4=py310hb6292c7_1
- mirisdr=2.0.0=h93a5062_0
- numpy=1.26.4=py310hd45542a_0
- pandas=2.2.2=py310h401b61c_0
- pyadi-iio=0.0.16=pyhd8ed1ab_0
- pyfda=0.8.4=pyh9208f05_0
- python=3.10.14=h2469fbe_0_cpython
- rtl-sdr=2.0.1=h93a5062_0
- scipy=1.13.0=py310h7057308_1
- soapysdr-module-airspy=0.2.0=h4306ade_0
- soapysdr-module-airspyhf=0.2.0=h4306ade_0
- soapysdr-module-audio=0.1.1=h70b5976_1
- soapysdr-module-bladerf=0.4.1=h8167e30_0
- soapysdr-module-hackrf=0.3.4=h4306ade_0
- soapysdr-module-lms7=23.11.0=he20d445_0
- soapysdr-module-netsdr=0.2.0=h370950c_1
- soapysdr-module-plutosdr=0.2.2=hef1adc2_0
- soapysdr-module-redpitaya=0.1.1=h370950c_0
- soapysdr-module-remote=0.5.2=h4306ade_2
- soapysdr-module-rtlsdr=0.3.3=h70b5976_2
- soapysdr-module-uhd=0.4.1=hcfb10c7_10
- soapysdr-module-volk-converters=0.1.1=hd9aa7c5_2
- soapysdr=0.8.1=py310h38f39d4_4
- uhd=4.6.0.0=py310h1420c5e_0
name: radioconda
platform: osx-arm64
version: 2024.05.16
