channels:
- conda-forge
- ryanvolz
dependencies:
- airspy=1.0.10=h3422bc3_0
- airspyhf=1.6.8=h3422bc3_0
- bladerf=2023.02=h1a8c8d9_0
- codec2=1.0.3=h3422bc3_0
- digital_rf=2.6.8=py310hbad5a05_1
- gnuradio-adsb=0.0.0.20230411.dev+g32bcb616f=unix_pyh139f5c4_0
- gnuradio-dect2=0.0.0.20230724.dev+g1e19fec9b=py310hb6cf3aa_0
- gnuradio-filerepeater=0.0.0.20230720.dev+g6cfdd6298=py310h2786777_0
- gnuradio-foo=0.0.0.20230719.dev+g4544a4be7=py310h866c3d5_0
- gnuradio-fosphor=0.0.0.20230721.dev+g3bc8c63=py310hb1b95eb_0
- gnuradio-gpredict-doppler=0.0.0.20230406.dev+g24c9948ff=unix_pyh6bc11b9_0
- gnuradio-hermeslite2=v1.0.0.0.post9+65907c7=py310hb6cf3aa_0
- gnuradio-hpsdr=0.0.0.20230724.dev+g3adf748=py310hb6cf3aa_0
- gnuradio-ieee802_11=0.0.0.20230721.dev+gd1f9fc80c=py310hfc5c388_0
- gnuradio-ieee802_15_4=3.6.post122+g285a13a=py310h5788d87_0
- gnuradio-inspector=0.0.0.20230721.dev+gdee563b=py310h7f4048f_0
- gnuradio-iridium=1!1.0.0=py310hf63a8b9_5
- gnuradio-leo=1.0.0.post93+138c953=py310h4ed4c61_0
- gnuradio-lora_sdr=0.0.0.20230720.dev+g734d2ee71=py310h4ed4c61_0
- gnuradio-m2k=1.0.0=py310ha26cb20_5
- gnuradio-osmosdr=0.2.4=py310hde22ccd_4
- gnuradio-paint=0.0.0.20230721.dev+g851daac=py310h4ed4c61_0
- gnuradio-radar=0.0.0.20230721.dev+gb7a3cfc=py310h515fd02_0
- gnuradio-rds=3.10.post11+gd2589c8=py310haaf2211_0
- gnuradio-satellites=5.3.0=py310hf5456a8_1
- gnuradio=3.10.7.0=py310he26ea33_1
- gqrx=2.16=py310h7dd8704_1
- hackrf=2023.01.1=he9b2178_0
- inspectrum=0.2.3=h93e60da_2
- ipython=8.14.0=pyhd1c38e8_0
- libiio=0.24=hce30654_1
- libm2k=0.7.0=py310hfeebbfc_1
- limesuite=22.09.1=h0071ded_0
- m17-cxx-demod=2.3.3=h5f84315_2
- matplotlib=3.7.2=py310hb6292c7_0
- numpy=1.25.1=py310haa1e00c_0
- pandas=2.0.3=py310h1cdf563_1
- pyadi-iio=0.0.15=pyhd8ed1ab_0
- python=3.10.12=h01493a6_0_cpython
- rtl-sdr=0.6.0.post20220126=h3422bc3_0
- scipy=1.11.1=py310h0975f3d_0
- soapysdr-module-airspy=0.2.0=h4306ade_0
- soapysdr-module-airspyhf=0.2.0=h4306ade_0
- soapysdr-module-audio=0.1.1=h370950c_0
- soapysdr-module-bladerf=0.4.1=h8167e30_0
- soapysdr-module-hackrf=0.3.4=h4306ade_0
- soapysdr-module-lms7=22.09.1=hb186d44_0
- soapysdr-module-netsdr=0.2.0=h370950c_1
- soapysdr-module-plutosdr=0.2.1=he314a61_3
- soapysdr-module-redpitaya=0.1.1=h370950c_0
- soapysdr-module-remote=0.5.2=h4306ade_2
- soapysdr-module-rtlsdr=0.3.3=h695f781_0
- soapysdr-module-uhd=0.4.1=he999f4d_7
- soapysdr-module-volk-converters=0.1.1=hd0ba101_1
- soapysdr=0.8.1=py310h2887b22_3
- uhd=4.4.0.0=py310h7f69e01_0
name: radioconda
platform: osx-arm64
version: 2023.07.26
