channels:
- conda-forge
- ryanvolz
dependencies:
- airspy=1.0.10=hf897c2e_0
- airspyhf=1.6.8=hf897c2e_0
- alsa-plugins=1.2.7.1=h9db4085_9
- bladerf=2023.02=hb4cce97_0
- codec2=1.0.3=hf897c2e_0
- digital_rf=2.6.8=py310h785ea77_2
- ephem=4.1.5=py310hb299538_1
- gnss-sdr=0.0.18=h7502c9b_16
- gnuradio-adsb=0.0.0.20230411.dev+g32bcb616f=unix_pyh139f5c4_0
- gnuradio-dect2=0.0.0.20240116.dev+gb71cc4b5a=py310h8d20118_0
- gnuradio-filerepeater=0.0.0.20240116.dev+g7052243b9=py310hd3cc13a_0
- gnuradio-foo=0.0.0.20240116.dev+g0aeb43099=py310h1c45cab_0
- gnuradio-fosphor=0.0.0.20240116.dev+g5d835af=py310hab82766_0
- gnuradio-gpredict-doppler=0.0.0.20231030.dev+g7114d423e=unix_pyh9f2d41d_0
- gnuradio-hermeslite2=v1.0.0.0.post13+fce6387=py310h8d20118_0
- gnuradio-hpsdr=0.0.0.20240116.dev+gc668630=py310h8d20118_0
- gnuradio-ieee802_11=0.0.0.20240117.dev+g464ae8285=py310h8ac159d_0
- gnuradio-ieee802_15_4=3.6.post130+g1850e51=py310h108b40a_0
- gnuradio-inspector=0.0.0.20240117.dev+g767dda7=py310h5e980c3_0
- gnuradio-iqbalance=0.38.2=py310hbe9d6b9_2
- gnuradio-iridium=1!1.0.0=py310hc97a226_10
- gnuradio-leo=1.0.0.post101+c387f10=py310h063d13b_0
- gnuradio-lora_sdr=0.0.0.20240117.dev+gd379e210d=py310h063d13b_0
- gnuradio-m2k=1.0.0=py310h6efc592_8
- gnuradio-osmosdr=0.2.4=py310h895e442_15
- gnuradio-paint=0.0.0.20240117.dev+g6c36452=py310h063d13b_0
- gnuradio-radar=0.0.0.20240117.dev+ge5e15ce=py310h732edc0_0
- gnuradio-rds=3.10.post19+g183429b=py310h68989ab_0
- gnuradio-satellites=5.5.0=py310h48651bf_1
- gnuradio=3.10.9.2=py310h8e30567_0
- gqrx=2.17.3=py310h65a1e29_4
- hackrf=2022.09.1=h136fa51_1
- hamlib-all=4.5.5=linux_3
- inspectrum=0.3.1=ha6d2d91_0
- ipython=8.20.0=pyh707e725_0
- libiio=0.25=h8af1aa0_1
- libm2k=0.7.0=py310ha4f7790_2
- limesuite=23.11.0=hddbaef7_0
- m17-cxx-demod=2.3.3=h8f10d31_3
- matplotlib=3.8.2=py310hbbe02a8_0
- mirisdr=2.0.0=h31becfc_0
- numpy=1.26.3=py310hcbab775_0
- pandas=2.2.0=py310hf9cab1f_0
- pyadi-iio=0.0.16=pyhd8ed1ab_0
- pyfda=0.8.4=pyh9208f05_0
- python=3.10.13=hbbe8eec_1_cpython
- rtl-sdr=2.0.1=h31becfc_0
- scipy=1.12.0=py310hcbab775_2
- soapysdr-module-airspy=0.2.0=he88f3d8_0
- soapysdr-module-airspyhf=0.2.0=he88f3d8_0
- soapysdr-module-audio=0.1.1=hd53839e_1
- soapysdr-module-bladerf=0.4.1=hbad66d3_0
- soapysdr-module-hackrf=0.3.4=he88f3d8_0
- soapysdr-module-lms7=23.11.0=hcd46cec_0
- soapysdr-module-netsdr=0.2.0=hc0426f7_1
- soapysdr-module-plutosdr=0.2.1=h872020c_3
- soapysdr-module-redpitaya=0.1.1=hc0426f7_0
- soapysdr-module-remote=0.5.2=he88f3d8_2
- soapysdr-module-rtlsdr=0.3.3=hd53839e_2
- soapysdr-module-uhd=0.4.1=h76252b4_10
- soapysdr-module-volk-converters=0.1.1=h107b08d_2
- soapysdr=0.8.1=py310h586407a_4
- uhd=4.6.0.0=py310hc7d4c31_0
name: radioconda
platform: linux-aarch64
version: 2024.01.26
