channels:
- conda-forge
- ryanvolz
dependencies:
- airspy=1.0.10=h5505292_1
- airspyhf=1.6.8=h5505292_1
- bladerf=2024.05=h5505292_2
- codec2=1.2.0=h5505292_3
- digital_rf=2.6.11=py312hcc8cfac_0
- ephem=4.2=py312hea69d52_0
- gnss-sdr=0.0.19=h07a5497_8
- gnuradio-adsb=0.0.0.20250304.dev+g9645757=unix_py_1
- gnuradio-dect2=0.0.0.20250304.dev+g27a3d6=np20py312h21d183f_1
- gnuradio-filerepeater=0.0.0.20250304.dev+gec6b386=np20py312h9f7a168_2
- gnuradio-foo=0.0.0.20250304.dev+g9e0e2=np20py312h40c587e_1
- gnuradio-fosphor=0.0.0.20250304.dev+g85a0b8f=np20py312h5c45ce2_1
- gnuradio-gpredict-doppler=0.0.0.20250303.dev+g9473cbf=unix_py_1
- gnuradio-hermeslite2=1.0.0.0.post20250305+g2e66561=np20py312h21d183f_0
- gnuradio-hpsdr=0.0.0.20250304.dev+g7748cc9=np20py312h21d183f_1
- gnuradio-ieee802_11=0.0.0.20250304.dev+g761bdd9=np20py312h0f5d4df_1
- gnuradio-ieee802_15_4=3.6.post20250304+g61f4c4a=np20py312h5dd478e_1
- gnuradio-inspector=0.0.0.20250303.dev+gad6a69e=np20py312h0417059_1
- gnuradio-iqbalance=0.38.2=py312he1353b8_7
- gnuradio-iridium=1!1.0.0=py312h4cd8392_16
- gnuradio-leo=1.0.0.post20250214+g8f62b92=np20py312h9f13bda_2
- gnuradio-lora_sdr=0.0.0.20250305.dev+ga8143cb=np20py312h5dd478e_0
- gnuradio-m2k=1.0.0=py312h7ef93ee_13
- gnuradio-osmosdr=0.2.6=py312h293049b_7
- gnuradio-paint=0.0.0.20250303.dev+gfb4f7b6=np20py312h5dd478e_2
- gnuradio-radar=0.0.0.20250220.dev+g92adce2=np20py312hd0075c7_1
- gnuradio-rds=3.10.post20250305+gc1cba54=np20py312h21d183f_0
- gnuradio-satellites=5.7.0=py312h436bcf2_1
- gnuradio=3.10.12.0=py312hf6b0b74_1
- gqrx=2.17.6=py312h4e6af8f_1
- hackrf=2024.02.1=h5d7887c_1
- hamlib-all=4.6.2=osx_2
- inspectrum=0.3.1=h591b114_0
- ipython=9.0.2=pyhfb0248b_0
- libiio=0.26=h00f1824_1
- libm2k=0.9.0=py312hfdc89fd_1
- limesuite=23.11.0=hf6a06aa_1
- m17-cxx-demod=2.3.3=h7b87d6f_5
- matplotlib=3.10.1=py312h1f38498_0
- mirisdr=2.0.0=h5505292_1
- numpy=2.2.3=py312h7c1f314_0
- pandas=2.2.3=py312hcd31e36_1
- pyadi-iio=0.0.19=pyhd8ed1ab_0
- pyfda=0.9.2=pyh9208f05_1
- python=3.12.9=hc22306f_1_cpython
- rtl-sdr=2.0.2=h5505292_1
- scipy=1.15.2=py312h99a188d_0
- soapysdr-module-airspy=0.2.0=h4306ade_0
- soapysdr-module-airspyhf=0.2.0=h4306ade_0
- soapysdr-module-audio=0.1.1=hdc5eb89_2
- soapysdr-module-bladerf=0.4.1=h8167e30_0
- soapysdr-module-hackrf=0.3.4=h4306ade_0
- soapysdr-module-lms7=23.11.0=he93768a_1
- soapysdr-module-netsdr=0.2.0=h370950c_1
- soapysdr-module-plutosdr=0.2.2=h0fda6b5_1
- soapysdr-module-redpitaya=0.1.1=h370950c_0
- soapysdr-module-remote=0.5.2=h4306ade_2
- soapysdr-module-rtlsdr=0.3.3=h70b5976_2
- soapysdr-module-uhd=0.4.1=h1e7af17_14
- soapysdr-module-volk-converters=0.1.1=hd699764_3
- soapysdr=0.8.1=py312h6142ec9_5
- uhd=4.8.0.0=py312hcf98d66_0
name: radioconda
platform: osx-arm64
version: 2025.03.12
