channels:
- conda-forge
- ryanvolz
dependencies:
- airspy=1.0.10=h3422bc3_0
- airspyhf=1.6.8=h3422bc3_0
- bladerf=2023.02=h1a8c8d9_0
- codec2=1.0.3=h3422bc3_0
- digital_rf=2.6.8=py310h434a4dc_0
- gnuradio-fosphor=0.0.0.20230207.dev+g0a70db4=py310he35d928_0
- gnuradio-inspector=0.0.0.20230207.dev+g9d85c8d=py310h6cb9c9c_0
- gnuradio-iridium=1!1.0.0=py310hfdea111_3
- gnuradio-leo=1.0.0.post85+6a5933d=py310he5f142c_0
- gnuradio-m2k=1.0.0=py310h51909c2_3
- gnuradio-osmosdr=0.2.4=py310h015f38d_2
- gnuradio-paint=0.0.0.20230207.dev+gf2eb754=py310h52ffca3_0
- gnuradio-radar=0.0.0.20230207.dev+ge3b0e67=py310h0df370d_0
- gnuradio-satellites=5.2.0=py310he380cc8_1
- gnuradio=3.10.5.1=py310h862bc73_2
- gqrx=2.15.9=py310ha1fd0ea_8
- hackrf=2023.01.1=he9b2178_0
- inspectrum=0.2.3=h93e60da_1
- ipython=8.10.0=pyhd1c38e8_0
- libiio=0.24=hce30654_0
- libm2k=0.7.0=py310hfeebbfc_1
- limesuite=22.09.1=h0071ded_0
- m17-cxx-demod=2.3.3=h5f84315_2
- matplotlib=3.7.0=py310hb6292c7_0
- numpy=1.24.2=py310h3d2048e_0
- pandas=1.5.3=py310h2b830bf_0
- pyadi-iio=0.0.14=pyhd8ed1ab_0
- python=3.10.9=h3ba56d0_0_cpython
- rtl-sdr=0.6.0.post20220126=h3422bc3_0
- scipy=1.10.1=py310ha0d8a01_0
- soapysdr-module-airspy=0.2.0=h4306ade_0
- soapysdr-module-airspyhf=0.2.0=h4306ade_0
- soapysdr-module-audio=0.1.1=h370950c_0
- soapysdr-module-bladerf=0.4.1=h8167e30_0
- soapysdr-module-hackrf=0.3.4=h4306ade_0
- soapysdr-module-lms7=22.09.1=hb186d44_0
- soapysdr-module-netsdr=0.2.0=h370950c_1
- soapysdr-module-plutosdr=0.2.1=he314a61_3
- soapysdr-module-redpitaya=0.1.1=h370950c_0
- soapysdr-module-remote=0.5.2=h4306ade_2
- soapysdr-module-rtlsdr=0.3.0=h4306ade_1
- soapysdr-module-uhd=0.4.1=he999f4d_7
- soapysdr-module-volk-converters=0.1.1=hd0ba101_1
- soapysdr=0.8.1=py310h2887b22_3
- uhd=4.4.0.0=py310h7f69e01_0
name: radioconda
platform: osx-arm64
version: 2023.02.24
