channels:
- conda-forge
- ryanvolz
dependencies:
- airspy=1.0.10=h7f98852_0
- airspyhf=1.6.8=h7f98852_0
- alsa-plugins=1.2.7.1=h1213643_9
- bladerf=2023.02=h0b41bf4_0
- codec2=1.0.3=h7f98852_0
- digital_rf=2.6.8=py311h11dd5d7_2
- gnss-sdr=0.0.18=h7f6645b_10
- gnuradio-adsb=0.0.0.20230411.dev+g32bcb616f=unix_pyh139f5c4_0
- gnuradio-dect2=0.0.0.20231030.dev+g601a3d3a7=py311h54758ec_0
- gnuradio-filerepeater=0.0.0.20231030.dev+g257482aa4=py311h42cf9f3_0
- gnuradio-foo=0.0.0.20231030.dev+g126cd61d0=py311hce24a2a_0
- gnuradio-fosphor=0.0.0.20231031.dev+ga104744=py311hed81e29_0
- gnuradio-gpredict-doppler=0.0.0.20231030.dev+g7114d423e=unix_pyh9f2d41d_0
- gnuradio-hermeslite2=v1.0.0.0.post11+63b2ca9=py311h54758ec_0
- gnuradio-hpsdr=0.0.0.20231030.dev+g780ec33=py311h54758ec_0
- gnuradio-ieee802_11=0.0.0.20231031.dev+g4db90ce37=py311h8c5b3f7_0
- gnuradio-ieee802_15_4=3.6.post128+gc3cef3a=py311h3ea8b0c_0
- gnuradio-inspector=0.0.0.20231031.dev+g8e84135=py311hbc82446_0
- gnuradio-iqbalance=0.38.2=py311haefe859_1
- gnuradio-iridium=1!1.0.0=py311h422203e_8
- gnuradio-leo=1.0.0.post99+cbf934b=py311h3ea8b0c_0
- gnuradio-lora_sdr=0.0.0.20231031.dev+g1c5af1ec2=py311h3ea8b0c_0
- gnuradio-m2k=1.0.0=py311h9820c8c_7
- gnuradio-osmosdr=0.2.4=py311h31cce96_11
- gnuradio-paint=0.0.0.20231031.dev+ge2b4d30=py311h3ea8b0c_0
- gnuradio-radar=0.0.0.20231031.dev+g62f1f95=py311h05e2c99_0
- gnuradio-rds=3.10.post17+ga9d5e6a=py311h54758ec_0
- gnuradio-satellites=5.4.0=py311h807f369_4
- gnuradio=3.10.8.0=py311hd393f86_1
- gqrx=2.17.3=h1488cce_2
- hackrf=2023.01.1=h8067d65_0
- hamlib-all=4.5.5=linux_2
- inspectrum=0.3.1=hcdab9b9_0
- ipython=8.17.2=pyh41d4057_0
- libiio=0.25=ha770c72_0
- libm2k=0.7.0=py311h5266a37_2
- limesuite=23.10.0=h4b40ff6_0
- m17-cxx-demod=2.3.3=hd5edb52_3
- matplotlib=3.8.1=py311h38be061_0
- mirisdr=2.0.0=hd590300_0
- numpy=1.26.0=py311h64a7726_0
- pandas=2.1.2=py311h320fe9a_0
- pyadi-iio=0.0.16=pyhd8ed1ab_0
- pyfda=0.8.4=pyh9208f05_0
- python=3.11.6=hab00c5b_0_cpython
- rtl-sdr=2.0.1=hd590300_0
- scipy=1.11.3=py311h64a7726_1
- soapysdr-module-airspy=0.2.0=hee64af1_0
- soapysdr-module-airspyhf=0.2.0=hee64af1_0
- soapysdr-module-audio=0.1.1=h44a8f8d_1
- soapysdr-module-bladerf=0.4.1=hc1d054c_0
- soapysdr-module-hackrf=0.3.4=hee64af1_0
- soapysdr-module-lms7=23.10.0=hee1ac67_0
- soapysdr-module-netsdr=0.2.0=hd00649d_1
- soapysdr-module-plutosdr=0.2.1=h20c8c4b_3
- soapysdr-module-redpitaya=0.1.1=hd00649d_0
- soapysdr-module-remote=0.5.2=hee64af1_2
- soapysdr-module-rtlsdr=0.3.3=h44a8f8d_2
- soapysdr-module-uhd=0.4.1=h43645fb_9
- soapysdr-module-volk-converters=0.1.1=h76dd0b8_1
- soapysdr=0.8.1=py311h9547e67_4
- uhd=4.5.0.0=py311he18404f_2
name: radioconda
platform: linux-64
version: 2023.11.06
