channels:
- conda-forge
- ryanvolz
dependencies:
- airspy=1.0.10=h4e0d66e_0
- airspyhf=1.6.8=h4e0d66e_0
- alsa-plugins=1.2.7.1=hcb310f5_8
- bladerf=2023.02=h4194056_0
- codec2=1.0.3=h4e0d66e_0
- digital_rf=2.6.8=py310hbdd789a_1
- gnuradio-adsb=0.0.0.20230411.dev+g32bcb616f=unix_pyh139f5c4_0
- gnuradio-dect2=0.0.0.20230724.dev+g1e19fec9b=py310h82ced41_0
- gnuradio-filerepeater=0.0.0.20230720.dev+g6cfdd6298=py310haaf2044_0
- gnuradio-foo=0.0.0.20230719.dev+g4544a4be7=py310h81f2152_0
- gnuradio-fosphor=0.0.0.20230721.dev+g3bc8c63=py310h16541b9_0
- gnuradio-gpredict-doppler=0.0.0.20230406.dev+g24c9948ff=unix_pyh6bc11b9_0
- gnuradio-hermeslite2=v1.0.0.0.post9+65907c7=py310h82ced41_0
- gnuradio-hpsdr=0.0.0.20230724.dev+g3adf748=py310h82ced41_0
- gnuradio-ieee802_11=0.0.0.20230721.dev+gd1f9fc80c=py310h159167e_0
- gnuradio-ieee802_15_4=3.6.post122+g285a13a=py310h1cd05fe_0
- gnuradio-inspector=0.0.0.20230721.dev+gdee563b=py310h68ea840_0
- gnuradio-iridium=1!1.0.0=py310hfb5346f_5
- gnuradio-leo=1.0.0.post89+9806f65=py310h7c159dd_0
- gnuradio-lora_sdr=0.0.0.20230720.dev+g734d2ee71=py310h10ea853_0
- gnuradio-m2k=1.0.0=py310h784c1f9_5
- gnuradio-osmosdr=0.2.4=py310he93cd39_4
- gnuradio-paint=0.0.0.20230721.dev+g851daac=py310h10ea853_0
- gnuradio-radar=0.0.0.20230721.dev+gb7a3cfc=py310h5a10746_0
- gnuradio-rds=3.10.post11+gd2589c8=py310hf78b9bf_0
- gnuradio-satellites=5.3.0=py310h808a022_1
- gnuradio=3.10.7.0=py310h63cbf78_1
- gqrx=2.16=py310ha360ec6_1
- hackrf=2022.09.1=hf271da4_1
- inspectrum=0.2.3=he524aec_2
- ipython=8.14.0=pyh41d4057_0
- libiio=0.24=ha3edaa6_1
- libm2k=0.7.0=py310h9be1872_1
- limesuite=22.09.1=h497f381_0
- m17-cxx-demod=2.3.3=h160d491_2
- matplotlib=3.7.2=py310hd032262_0
- numpy=1.25.1=py310h7b13451_0
- pandas=2.0.3=py310h0159728_1
- pyadi-iio=0.0.15=pyhd8ed1ab_0
- python=3.10.12=h4005451_0_cpython
- rtl-sdr=0.6.0.post20220126=h7bf75f0_0
- scipy=1.11.1=py310h7b13451_0
- soapysdr-module-airspy=0.2.0=h6f8e04d_0
- soapysdr-module-airspyhf=0.2.0=h6f8e04d_0
- soapysdr-module-audio=0.1.1=he97dc58_0
- soapysdr-module-bladerf=0.4.1=hf8708ca_0
- soapysdr-module-hackrf=0.3.4=h6f8e04d_0
- soapysdr-module-lms7=22.09.1=heb10582_0
- soapysdr-module-netsdr=0.2.0=he97dc58_1
- soapysdr-module-plutosdr=0.2.1=h4a71477_3
- soapysdr-module-redpitaya=0.1.1=he97dc58_0
- soapysdr-module-remote=0.5.2=h6f8e04d_2
- soapysdr-module-rtlsdr=0.3.3=h7f3508f_0
- soapysdr-module-uhd=0.4.1=h86ff962_7
- soapysdr-module-volk-converters=0.1.1=h7a695f5_1
- soapysdr=0.8.1=py310h707d0b0_3
- uhd=4.4.0.0=py310h7732062_0
name: radioconda
platform: linux-ppc64le
version: 2023.07.24
