channels:
- conda-forge
- ryanvolz
dependencies:
- airspy=1.0.10=h4e0d66e_0
- airspyhf=1.6.8=h4e0d66e_0
- alsa-plugins=1.2.7.1=h1add561_4
- bladerf=2023.02=h4194056_0
- codec2=1.0.3=h4e0d66e_0
- digital_rf=2.6.8=py310h3aa88a8_0
- gnuradio-fosphor=0.0.0.20230207.dev+g0a70db4=py310h9ffa049_0
- gnuradio-iridium=1!1.0.0=py310hbbf0ecb_3
- gnuradio-leo=1.0.0.post85+6a5933d=py310h3fa4c60_0
- gnuradio-m2k=1.0.0=py310h65d8c6b_3
- gnuradio-osmosdr=0.2.4=py310hc7760b1_2
- gnuradio-paint=0.0.0.20230207.dev+gf2eb754=py310had157ca_0
- gnuradio-satellites=5.2.0=py310hbb57e6e_1
- gnuradio=3.10.5.1=py310hc77eaae_2
- hackrf=2022.09.1=hf271da4_1
- ipython=8.10.0=pyh41d4057_0
- libiio=0.24=ha3edaa6_0
- libm2k=0.7.0=py310h9be1872_1
- limesuite=22.09.0=hb55210a_0
- m17-cxx-demod=2.3.3=h160d491_2
- matplotlib=3.7.0=py310hd032262_0
- numpy=1.24.2=py310h2693956_0
- pandas=1.5.3=py310hc75b01a_0
- pyadi-iio=0.0.14=pyhd8ed1ab_0
- python=3.10.9=h062392f_0_cpython
- rtl-sdr=0.6.0.post20220126=h7bf75f0_0
- scipy=1.10.1=py310h2693956_0
- soapysdr-module-airspy=0.2.0=h6f8e04d_0
- soapysdr-module-airspyhf=0.2.0=h6f8e04d_0
- soapysdr-module-audio=0.1.1=he97dc58_0
- soapysdr-module-bladerf=0.4.1=hf8708ca_0
- soapysdr-module-hackrf=0.3.4=h6f8e04d_0
- soapysdr-module-lms7=22.09.0=hf8a836c_0
- soapysdr-module-netsdr=0.2.0=he97dc58_1
- soapysdr-module-plutosdr=0.2.1=h4a71477_3
- soapysdr-module-redpitaya=0.1.1=he97dc58_0
- soapysdr-module-remote=0.5.2=h6f8e04d_2
- soapysdr-module-rtlsdr=0.3.0=h6f8e04d_1
- soapysdr-module-uhd=0.4.1=h86ff962_7
- soapysdr-module-volk-converters=0.1.1=h7a695f5_1
- soapysdr=0.8.1=py310h707d0b0_3
- uhd=4.4.0.0=py310h7732062_0
name: radioconda
platform: linux-ppc64le
version: 2023.02.24
