channels:
- conda-forge
- ryanvolz
dependencies:
- airspy=1.0.10=h3422bc3_0
- airspyhf=1.6.8=h3422bc3_0
- bladerf=2023.02=h1a8c8d9_0
- codec2=1.0.3=h3422bc3_0
- digital_rf=2.6.8=py310h7d10cab_2
- gnss-sdr=0.0.18=h1b6e66e_10
- gnuradio-adsb=0.0.0.20230411.dev+g32bcb616f=unix_pyh139f5c4_0
- gnuradio-dect2=0.0.0.20231030.dev+g601a3d3a7=py310hfd64e0d_0
- gnuradio-filerepeater=0.0.0.20231030.dev+g257482aa4=py310hea82af6_0
- gnuradio-foo=0.0.0.20231030.dev+g126cd61d0=py310ha74f908_0
- gnuradio-fosphor=0.0.0.20231031.dev+ga104744=py310h32103c1_0
- gnuradio-gpredict-doppler=0.0.0.20231030.dev+g7114d423e=unix_pyh9f2d41d_0
- gnuradio-hermeslite2=v1.0.0.0.post11+63b2ca9=py310hfd64e0d_0
- gnuradio-hpsdr=0.0.0.20231030.dev+g780ec33=py310hfd64e0d_0
- gnuradio-ieee802_11=0.0.0.20231031.dev+g4db90ce37=py310hd09473d_0
- gnuradio-ieee802_15_4=3.6.post128+gc3cef3a=py310h0318824_0
- gnuradio-inspector=0.0.0.20231031.dev+g8e84135=py310hbd75d9c_0
- gnuradio-iqbalance=0.38.2=py310ha083ab2_1
- gnuradio-iridium=1!1.0.0=py310heb24f80_8
- gnuradio-leo=1.0.0.post99+cbf934b=py310h0318824_0
- gnuradio-lora_sdr=0.0.0.20231031.dev+g1c5af1ec2=py310h0318824_0
- gnuradio-m2k=1.0.0=py310hf183d99_7
- gnuradio-osmosdr=0.2.4=py310hab66653_11
- gnuradio-paint=0.0.0.20231031.dev+ge2b4d30=py310h0318824_0
- gnuradio-radar=0.0.0.20231031.dev+g62f1f95=py310h74d241c_0
- gnuradio-rds=3.10.post17+ga9d5e6a=py310hfd64e0d_0
- gnuradio-satellites=5.4.0=py310h09713b6_4
- gnuradio=3.10.8.0=py310h59b0b52_1
- gqrx=2.17.3=py310hdee2071_2
- hackrf=2023.01.1=he9b2178_0
- hamlib-all=4.5.5=osx_2
- inspectrum=0.3.1=h591b114_0
- ipython=8.17.2=pyh31c8845_0
- libiio=0.25=hce30654_0
- libm2k=0.7.0=py310h02430b7_2
- limesuite=23.10.0=h778206f_0
- m17-cxx-demod=2.3.3=h3700a85_3
- matplotlib=3.8.1=py310hb6292c7_0
- mirisdr=2.0.0=h93a5062_0
- numpy=1.26.0=py310he2cad68_0
- pandas=2.1.2=py310h6e3cc31_0
- pyadi-iio=0.0.16=pyhd8ed1ab_0
- pyfda=0.8.4=pyh9208f05_0
- python=3.10.13=h2469fbe_0_cpython
- rtl-sdr=2.0.1=h93a5062_0
- scipy=1.11.3=py310hd1cfc7d_1
- soapysdr-module-airspy=0.2.0=h4306ade_0
- soapysdr-module-airspyhf=0.2.0=h4306ade_0
- soapysdr-module-audio=0.1.1=h70b5976_1
- soapysdr-module-bladerf=0.4.1=h8167e30_0
- soapysdr-module-hackrf=0.3.4=h4306ade_0
- soapysdr-module-lms7=23.10.0=he20d445_0
- soapysdr-module-netsdr=0.2.0=h370950c_1
- soapysdr-module-plutosdr=0.2.1=he314a61_3
- soapysdr-module-redpitaya=0.1.1=h370950c_0
- soapysdr-module-remote=0.5.2=h4306ade_2
- soapysdr-module-rtlsdr=0.3.3=h70b5976_2
- soapysdr-module-uhd=0.4.1=h6247bae_9
- soapysdr-module-volk-converters=0.1.1=hd0ba101_1
- soapysdr=0.8.1=py310h38f39d4_4
- uhd=4.5.0.0=py310hec908ea_2
name: radioconda
platform: osx-arm64
version: 2023.11.06
