channels:
- conda-forge
- ryanvolz
dependencies:
- airspy=1.0.10=h3422bc3_0
- airspyhf=1.6.8=h3422bc3_0
- bladerf=2023.02=h1a8c8d9_0
- codec2=1.0.3=h3422bc3_0
- digital_rf=2.6.8=py310h434a4dc_0
- gnuradio-adsb=0.0.0.20230411.dev+g32bcb616f=unix_pyh139f5c4_0
- gnuradio-filerepeater=0.0.0.20230410.dev+gc1ea67d5d=py310h698aa65_0
- gnuradio-fosphor=0.0.0.20230406.dev+ga86986d=py310hb72f48f_0
- gnuradio-gpredict-doppler=0.0.0.20230406.dev+g24c9948ff=unix_pyh6bc11b9_0
- gnuradio-hermeslite2=v1.0.0.0.post4+97cda29=py310h698aa65_0
- gnuradio-inspector=0.0.0.20230411.dev+g9bb595c=py310h13a8b23_0
- gnuradio-iridium=1!1.0.0=py310h218394d_4
- gnuradio-leo=1.0.0.post88+9a56634=py310h9e956c5_0
- gnuradio-lora_sdr=0.0.0.20230410.dev+g94340a859=py310hf235df9_0
- gnuradio-m2k=1.0.0=py310h2a6df07_4
- gnuradio-osmosdr=0.2.4=py310h7677b33_3
- gnuradio-paint=0.0.0.20230406.dev+gb37bad2=py310hf235df9_0
- gnuradio-radar=0.0.0.20230411.dev+ge5cac02=py310h5343098_0
- gnuradio-satellites=5.2.0=py310hc149ce5_2
- gnuradio=3.10.6.0=py310h66bad01_1
- gqrx=2.15.10=py310h9ebf9d0_0
- hackrf=2023.01.1=he9b2178_0
- inspectrum=0.2.3=h93e60da_2
- ipython=8.12.0=pyhd1c38e8_0
- libiio=0.24=hce30654_0
- libm2k=0.7.0=py310hfeebbfc_1
- limesuite=22.09.1=h0071ded_0
- m17-cxx-demod=2.3.3=h5f84315_2
- matplotlib=3.7.1=py310hb6292c7_0
- numpy=1.24.3=py310haa1e00c_0
- pandas=2.0.1=py310h1cdf563_0
- pyadi-iio=0.0.15=pyhd8ed1ab_0
- python=3.10.10=h3ba56d0_0_cpython
- rtl-sdr=0.6.0.post20220126=h3422bc3_0
- scipy=1.10.1=py310ha0d8a01_0
- soapysdr-module-airspy=0.2.0=h4306ade_0
- soapysdr-module-airspyhf=0.2.0=h4306ade_0
- soapysdr-module-audio=0.1.1=h370950c_0
- soapysdr-module-bladerf=0.4.1=h8167e30_0
- soapysdr-module-hackrf=0.3.4=h4306ade_0
- soapysdr-module-lms7=22.09.1=hb186d44_0
- soapysdr-module-netsdr=0.2.0=h370950c_1
- soapysdr-module-plutosdr=0.2.1=he314a61_3
- soapysdr-module-redpitaya=0.1.1=h370950c_0
- soapysdr-module-remote=0.5.2=h4306ade_2
- soapysdr-module-rtlsdr=0.3.0=h4306ade_1
- soapysdr-module-uhd=0.4.1=he999f4d_7
- soapysdr-module-volk-converters=0.1.1=hd0ba101_1
- soapysdr=0.8.1=py310h2887b22_3
- uhd=4.4.0.0=py310h7f69e01_0
name: radioconda
platform: osx-arm64
version: 2023.04.26
