channels:
- conda-forge
- ryanvolz
dependencies:
- airspy=1.0.10=h86ecc28_1
- airspyhf=1.6.8=h86ecc28_1
- alsa-plugins=1.2.12=hce16396_1
- bladerf=2024.05=h86ecc28_2
- codec2=1.2.0=h86ecc28_3
- digital_rf=2.6.11=py312h91a0b02_0
- ephem=4.2=py312hb2c0f52_0
- gnss-sdr=0.0.19=hc7309ab_8
- gnuradio-adsb=0.0.0.20250304.dev+g9645757=unix_py_1
- gnuradio-dect2=0.0.0.20250304.dev+g27a3d6=np20py312heb6a550_1
- gnuradio-filerepeater=0.0.0.20250304.dev+gec6b386=np20py312hdabc401_2
- gnuradio-foo=0.0.0.20250304.dev+g9e0e2=np20py312hfed7f62_1
- gnuradio-fosphor=0.0.0.20250304.dev+g85a0b8f=np20py312hffff8d2_1
- gnuradio-funcube=3.10.0.rc3=py312h0e0e949_12
- gnuradio-gpredict-doppler=0.0.0.20250303.dev+g9473cbf=unix_py_1
- gnuradio-hermeslite2=1.0.0.0.post20250305+g2e66561=np20py312heb6a550_0
- gnuradio-hpsdr=0.0.0.20250304.dev+g7748cc9=np20py312heb6a550_1
- gnuradio-ieee802_11=0.0.0.20250304.dev+g761bdd9=np20py312h4434e41_1
- gnuradio-ieee802_15_4=3.6.post20250304+g61f4c4a=np20py312hd578418_1
- gnuradio-inspector=0.0.0.20250303.dev+gad6a69e=np20py312h2d400b8_1
- gnuradio-iqbalance=0.38.2=py312he23ff6d_7
- gnuradio-iridium=1!1.0.0=py312h07368fe_16
- gnuradio-leo=1.0.0.post20250214+g8f62b92=np20py312h9c9c44e_2
- gnuradio-lora_sdr=0.0.0.20250305.dev+ga8143cb=np20py312hd578418_0
- gnuradio-m2k=1.0.0=py312h2e1c864_13
- gnuradio-osmosdr=0.2.6=py312h9ad487b_7
- gnuradio-paint=0.0.0.20250303.dev+gfb4f7b6=np20py312hd578418_2
- gnuradio-radar=0.0.0.20250220.dev+g92adce2=np20py312hcc19a4a_1
- gnuradio-rds=3.10.post20250305+gc1cba54=np20py312heb6a550_0
- gnuradio-satellites=5.7.0=py312he263c01_1
- gnuradio=3.10.12.0=py312hbe36d5e_1
- gqrx=2.17.6=py312h2d3ebc0_1
- hackrf=2024.02.1=hdd0dd80_1
- hamlib-all=4.6.2=linux_2
- inspectrum=0.3.1=ha6d2d91_0
- ipython=9.0.2=pyhfb0248b_0
- libiio=0.26=h72120ad_1
- libm2k=0.9.0=py312h9e812b1_1
- limesuite=23.11.0=h00f8104_1
- m17-cxx-demod=2.3.3=hf62ac73_5
- matplotlib=3.10.1=py312h8025657_0
- mirisdr=2.0.0=h86ecc28_1
- numpy=2.2.3=py312hce01fe4_0
- pandas=2.2.3=py312ha2895bd_2
- pyadi-iio=0.0.19=pyhd8ed1ab_0
- pyfda=0.9.2=pyh9208f05_1
- python=3.12.9=h1683364_1_cpython
- rtl-sdr=2.0.2=h86ecc28_2
- scipy=1.15.2=py312hb5459e8_0
- soapysdr-module-airspy=0.2.0=he88f3d8_0
- soapysdr-module-airspyhf=0.2.0=he88f3d8_0
- soapysdr-module-audio=0.1.1=h4356ce9_2
- soapysdr-module-bladerf=0.4.1=hbad66d3_0
- soapysdr-module-fcdpp=0.1.1=h63b6e07_0
- soapysdr-module-hackrf=0.3.4=he88f3d8_0
- soapysdr-module-lms7=23.11.0=hd9ae2f7_1
- soapysdr-module-netsdr=0.2.0=hc0426f7_1
- soapysdr-module-plutosdr=0.2.2=h0dffcbf_1
- soapysdr-module-redpitaya=0.1.1=hc0426f7_0
- soapysdr-module-remote=0.5.2=he88f3d8_2
- soapysdr-module-rtlsdr=0.3.3=hd53839e_2
- soapysdr-module-uhd=0.4.1=h008a518_14
- soapysdr-module-volk-converters=0.1.1=hc992928_3
- soapysdr=0.8.1=py312h451a7dd_5
- uhd=4.8.0.0=py312h0ef7e8d_0
name: radioconda
platform: linux-aarch64
version: 2025.03.13
