channels:
- conda-forge
- ryanvolz
dependencies:
- airspy=1.0.10=hf897c2e_0
- airspyhf=1.6.8=hf897c2e_0
- alsa-plugins=1.2.7.1=ha502ede_4
- bladerf=2023.02=hb4cce97_0
- codec2=1.0.3=hf897c2e_0
- digital_rf=2.6.8=py310hcbfaa71_0
- gnuradio-fosphor=0.0.0.20230207.dev+g0a70db4=py310h121e7a5_0
- gnuradio-inspector=0.0.0.20230207.dev+g9d85c8d=py310h1a131f6_0
- gnuradio-iridium=1!1.0.0=py310h771f76b_3
- gnuradio-leo=1.0.0.post85+6a5933d=py310h6a8386a_0
- gnuradio-m2k=1.0.0=py310hdbf1c1f_3
- gnuradio-osmosdr=0.2.4=py310h904ea84_2
- gnuradio-paint=0.0.0.20230207.dev+gf2eb754=py310h2b00fd5_0
- gnuradio-radar=0.0.0.20230207.dev+ge3b0e67=py310hc36642d_0
- gnuradio-satellites=5.2.0=py310h6398f97_1
- gnuradio=3.10.5.1=py310h68f133f_2
- gqrx=2.15.9=py310hab4a65f_8
- hackrf=2022.09.1=h136fa51_1
- inspectrum=0.2.3=he8aff54_1
- ipython=8.10.0=pyh41d4057_0
- libiio=0.24=h8af1aa0_0
- libm2k=0.7.0=py310hf872164_1
- limesuite=22.09.0=h3d8d541_0
- m17-cxx-demod=2.3.3=hdc519d8_2
- matplotlib=3.7.0=py310hbbe02a8_0
- numpy=1.24.2=py310ha54f743_0
- pandas=1.5.3=py310hc3d6b01_0
- pyadi-iio=0.0.14=pyhd8ed1ab_0
- python=3.10.9=ha43d526_0_cpython
- rtl-sdr=0.6.0.post20220126=hdb429d0_0
- scipy=1.10.1=py310ha54f743_0
- soapysdr-module-airspy=0.2.0=he88f3d8_0
- soapysdr-module-airspyhf=0.2.0=he88f3d8_0
- soapysdr-module-audio=0.1.1=hc0426f7_0
- soapysdr-module-bladerf=0.4.1=hbad66d3_0
- soapysdr-module-hackrf=0.3.4=he88f3d8_0
- soapysdr-module-lms7=22.09.0=h040b6d5_0
- soapysdr-module-netsdr=0.2.0=hc0426f7_1
- soapysdr-module-plutosdr=0.2.1=h872020c_3
- soapysdr-module-redpitaya=0.1.1=hc0426f7_0
- soapysdr-module-remote=0.5.2=he88f3d8_2
- soapysdr-module-rtlsdr=0.3.0=he88f3d8_1
- soapysdr-module-uhd=0.4.1=h112d67c_7
- soapysdr-module-volk-converters=0.1.1=h1635607_1
- soapysdr=0.8.1=py310hb15e014_3
- uhd=4.4.0.0=py310h133bfd9_0
name: radioconda
platform: linux-aarch64
version: 2023.02.24
