channels:
- conda-forge
- ryanvolz
dependencies:
- airspy=1.0.10=h3422bc3_0
- airspyhf=1.6.8=h3422bc3_0
- bladerf=2022.11=h1a8c8d9_0
- codec2=1.0.3=h3422bc3_0
- digital_rf=2.6.8=py310h434a4dc_0
- gnuradio-fosphor=0.0.0.20221223.dev+g84e9d8f=py310h7c99adf_0
- gnuradio-inspector=0.0.0.20221223.dev+gb55e0e1=py310hd7fa721_0
- gnuradio-iridium=1!1.0.0=py310h99fcaac_2
- gnuradio-leo=1.0.0.post84+a447553=py310hf172cc1_0
- gnuradio-m2k=1.0.0=py310h51909c2_3
- gnuradio-osmosdr=0.2.4=py310h9169ac0_0
- gnuradio-paint=0.0.0.20221223.dev+g1874506=py310h687df7d_0
- gnuradio-radar=0.0.0.20221223.dev+g631188f=py310h768bf6f_0
- gnuradio-satellites=5.1.1=py310h514e98b_1
- gnuradio=3.10.5.0=py310h4f4cc77_2
- gqrx=2.15.9=py310h018e646_7
- hackrf=2022.09.1=he9b2178_1
- inspectrum=0.2.3=h93e60da_1
- ipython=8.8.0=pyhd1c38e8_0
- libiio=0.24=hce30654_0
- libm2k=0.7.0=py310hfeebbfc_1
- limesuite=22.09.1=h0071ded_0
- m17-cxx-demod=2.3.3=h5f84315_2
- matplotlib=3.6.3=py310hb6292c7_0
- numpy=1.24.1=py310h5d7c261_0
- pandas=1.5.3=py310h2b830bf_0
- pyadi-iio=0.0.14=pyhd8ed1ab_0
- python=3.10.8=h3ba56d0_0_cpython
- rtl-sdr=0.6.0.post20220126=h3422bc3_0
- scipy=1.10.0=py310ha0d8a01_0
- soapysdr-module-airspy=0.2.0=h4306ade_0
- soapysdr-module-airspyhf=0.2.0=h4306ade_0
- soapysdr-module-audio=0.1.1=h370950c_0
- soapysdr-module-bladerf=0.4.1=h8167e30_0
- soapysdr-module-hackrf=0.3.4=h4306ade_0
- soapysdr-module-lms7=22.09.1=hb186d44_0
- soapysdr-module-netsdr=0.2.0=h370950c_0
- soapysdr-module-plutosdr=0.2.1=he314a61_3
- soapysdr-module-redpitaya=0.1.1=h370950c_0
- soapysdr-module-remote=0.5.2=h4306ade_2
- soapysdr-module-rtlsdr=0.3.0=h4306ade_1
- soapysdr-module-uhd=0.4.1=h6f77bc2_6
- soapysdr-module-volk-converters=0.1.1=h3f52bb3_0
- soapysdr=0.8.1=py310h2887b22_3
- uhd=4.3.0.0=py310h7f69e01_1
name: radioconda
platform: osx-arm64
version: 2023.01.19
