channels:
- conda-forge
- ryanvolz
dependencies:
- airspy=1.0.10=h3422bc3_0
- airspyhf=1.6.8=h3422bc3_0
- bladerf=2021.10=h1c322ee_0
- codec2=1.0.3=h3422bc3_0
- digital_rf=2.6.7=py310h8e23f09_3
- gnuradio-inspector=0.0.0.20220919.dev+g719bdfb=py310h81981ac_0
- gnuradio-iridium=1!1.0.0=py310h6bf5755_0
- gnuradio-leo=1.0.0.post68+0fb18e1=py310hf594cb7_0
- gnuradio-osmosdr=0.2.3=py310hb04e07c_25
- gnuradio-paint=0.0.0.20220919.dev+g3ba0f0f=py310haa510b0_0
- gnuradio-satellites=5.0.0=py310hb121ecd_1
- gnuradio=3.10.4.0=py310h9e15172_2
- gqrx=2.15.9=py310hf402a1f_4
- hackrf=2021.03.1=h52ad5b1_0
- ipython=8.5.0=pyhd1c38e8_1
- libiio=0.24=hce30654_0
- libm2k=0.7.0=py310hfeebbfc_0
- limesuite=22.09.0=h0071ded_0
- matplotlib=3.6.0=py310hb6292c7_0
- numpy=1.23.3=py310h5d7c261_0
- pandas=1.5.0=py310h2b830bf_0
- pyadi-iio=0.0.13=pyhd8ed1ab_0
- python=3.10.6=hbce4517_0_cpython
- rtl-sdr=0.6.0.post20220126=h3422bc3_0
- scipy=1.9.1=py310ha0d8a01_0
- soapysdr-module-airspy=0.2.0=h4306ade_0
- soapysdr-module-airspyhf=0.2.0=h4306ade_0
- soapysdr-module-bladerf=0.4.1=h8167e30_0
- soapysdr-module-hackrf=0.3.4=h4306ade_0
- soapysdr-module-lms7=22.09.0=hb186d44_0
- soapysdr-module-plutosdr=0.2.1=he314a61_3
- soapysdr-module-remote=0.5.2=h4306ade_2
- soapysdr-module-rtlsdr=0.3.0=h4306ade_1
- soapysdr-module-uhd=0.4.1=h6f77bc2_6
- soapysdr=0.8.1=py310hea002bf_2
- uhd=4.3.0.0=py310h69354e6_0
name: radioconda
platform: osx-arm64
version: 2022.09.22
