channels:
- conda-forge
- ryanvolz
dependencies:
- airspy=1.0.10=h7f98852_0
- airspyhf=1.6.8=h7f98852_0
- alsa-plugins=1.2.7.1=h1213643_9
- bladerf=2023.02=h0b41bf4_0
- codec2=1.0.3=h7f98852_0
- digital_rf=2.6.8=py311h11dd5d7_2
- ephem=4.1.5=py311h459d7ec_1
- gnss-sdr=0.0.18=h50d9ef5_16
- gnuradio-adsb=0.0.0.20230411.dev+g32bcb616f=unix_pyh139f5c4_0
- gnuradio-dect2=0.0.0.20240116.dev+gb71cc4b5a=py311h0b5d145_0
- gnuradio-filerepeater=0.0.0.20240116.dev+g7052243b9=py311h5e1b272_0
- gnuradio-foo=0.0.0.20240116.dev+g0aeb43099=py311h1d9fb22_0
- gnuradio-fosphor=0.0.0.20240116.dev+g5d835af=py311h65926aa_0
- gnuradio-gpredict-doppler=0.0.0.20231030.dev+g7114d423e=unix_pyh9f2d41d_0
- gnuradio-hermeslite2=v1.0.0.0.post13+fce6387=py311h0b5d145_0
- gnuradio-hpsdr=0.0.0.20240116.dev+gc668630=py311h0b5d145_0
- gnuradio-ieee802_11=0.0.0.20240117.dev+g464ae8285=py311h5e8f20a_0
- gnuradio-ieee802_15_4=3.6.post130+g1850e51=py311ha0c03cf_0
- gnuradio-inspector=0.0.0.20240117.dev+g767dda7=py311h358c951_0
- gnuradio-iqbalance=0.38.2=py311ha52264b_2
- gnuradio-iridium=1!1.0.0=py311h9290a5c_10
- gnuradio-leo=1.0.0.post101+c387f10=py311h626b144_0
- gnuradio-lora_sdr=0.0.0.20240117.dev+gd379e210d=py311h626b144_0
- gnuradio-m2k=1.0.0=py311h9c67249_8
- gnuradio-osmosdr=0.2.4=py311he349d31_15
- gnuradio-paint=0.0.0.20240117.dev+g6c36452=py311h626b144_0
- gnuradio-radar=0.0.0.20240117.dev+ge5e15ce=py311h4642c5a_0
- gnuradio-rds=3.10.post19+g183429b=py311h191d2ef_0
- gnuradio-satellites=5.5.0=py311h8b17ae5_1
- gnuradio=3.10.9.2=py311ha5424de_0
- gqrx=2.17.3=ha317a9f_4
- hackrf=2023.01.1=h8067d65_0
- hamlib-all=4.5.5=linux_3
- inspectrum=0.3.1=hcdab9b9_0
- ipython=8.20.0=pyh707e725_0
- libiio=0.25=ha770c72_1
- libm2k=0.7.0=py311h5266a37_2
- limesuite=23.11.0=h4b40ff6_0
- m17-cxx-demod=2.3.3=hd5edb52_3
- matplotlib=3.8.2=py311h38be061_0
- mirisdr=2.0.0=hd590300_0
- numpy=1.26.3=py311h64a7726_0
- pandas=2.2.0=py311h320fe9a_0
- pyadi-iio=0.0.16=pyhd8ed1ab_0
- pyfda=0.8.4=pyh9208f05_0
- python=3.11.7=hab00c5b_1_cpython
- rtl-sdr=2.0.1=hd590300_0
- scipy=1.12.0=py311h64a7726_2
- soapysdr-module-airspy=0.2.0=hee64af1_0
- soapysdr-module-airspyhf=0.2.0=hee64af1_0
- soapysdr-module-audio=0.1.1=h44a8f8d_1
- soapysdr-module-bladerf=0.4.1=hc1d054c_0
- soapysdr-module-hackrf=0.3.4=hee64af1_0
- soapysdr-module-lms7=23.11.0=hee1ac67_0
- soapysdr-module-netsdr=0.2.0=hd00649d_1
- soapysdr-module-plutosdr=0.2.1=h20c8c4b_3
- soapysdr-module-redpitaya=0.1.1=hd00649d_0
- soapysdr-module-remote=0.5.2=hee64af1_2
- soapysdr-module-rtlsdr=0.3.3=h44a8f8d_2
- soapysdr-module-uhd=0.4.1=hd3ca1a7_10
- soapysdr-module-volk-converters=0.1.1=h2678f24_2
- soapysdr=0.8.1=py311h9547e67_4
- uhd=4.6.0.0=py311he18404f_0
name: radioconda
platform: linux-64
version: 2024.01.26
