channels:
- conda-forge
- ryanvolz
dependencies:
- airspy=1.0.10=h4e0d66e_0
- airspyhf=1.6.8=h4e0d66e_0
- alsa-plugins=1.2.7.1=ha0f122a_9
- bladerf=2023.02=h4194056_0
- codec2=1.0.3=h4e0d66e_0
- digital_rf=2.6.8=py310hc41a20c_2
- gnss-sdr=0.0.18=had4cb68_10
- gnuradio-adsb=0.0.0.20230411.dev+g32bcb616f=unix_pyh139f5c4_0
- gnuradio-dect2=0.0.0.20231030.dev+g601a3d3a7=py310h25f6be3_0
- gnuradio-filerepeater=0.0.0.20231030.dev+g257482aa4=py310h4509db3_0
- gnuradio-foo=0.0.0.20231030.dev+g126cd61d0=py310h53cde1e_0
- gnuradio-fosphor=0.0.0.20231031.dev+ga104744=py310h4b00066_0
- gnuradio-gpredict-doppler=0.0.0.20231030.dev+g7114d423e=unix_pyh9f2d41d_0
- gnuradio-hermeslite2=v1.0.0.0.post11+63b2ca9=py310h25f6be3_0
- gnuradio-hpsdr=0.0.0.20231030.dev+g780ec33=py310h25f6be3_0
- gnuradio-ieee802_11=0.0.0.20231031.dev+g4db90ce37=py310hb125522_0
- gnuradio-ieee802_15_4=3.6.post128+gc3cef3a=py310hc3b6209_0
- gnuradio-inspector=0.0.0.20231031.dev+g8e84135=py310h3ef8ec3_0
- gnuradio-iqbalance=0.38.2=py310h16f85ed_1
- gnuradio-iridium=1!1.0.0=py310hb4d01e1_8
- gnuradio-leo=1.0.0.post99+cbf934b=py310hc3b6209_0
- gnuradio-lora_sdr=0.0.0.20231031.dev+g1c5af1ec2=py310hc3b6209_0
- gnuradio-m2k=1.0.0=py310h68fc140_7
- gnuradio-osmosdr=0.2.4=py310h1bed782_11
- gnuradio-paint=0.0.0.20231031.dev+ge2b4d30=py310hc3b6209_0
- gnuradio-radar=0.0.0.20231031.dev+g62f1f95=py310h228080a_0
- gnuradio-rds=3.10.post17+ga9d5e6a=py310h25f6be3_0
- gnuradio-satellites=5.4.0=py310h61b96d7_4
- gnuradio=3.10.8.0=py310h535f2af_1
- gqrx=2.17.3=py310h97dcd00_2
- hackrf=2022.09.1=hf271da4_1
- hamlib-all=4.5.5=linux_2
- inspectrum=0.3.1=hb0a1fd9_0
- ipython=8.17.2=pyh41d4057_0
- libiio=0.25=ha3edaa6_0
- libm2k=0.7.0=py310haa0b388_2
- limesuite=23.10.0=h4aef300_0
- m17-cxx-demod=2.3.3=hdaf65b7_3
- matplotlib=3.8.1=py310hd032262_0
- mirisdr=2.0.0=ha17a0cc_0
- numpy=1.26.0=py310h877c07d_0
- pandas=2.1.2=py310h243fb84_0
- pyadi-iio=0.0.16=pyhd8ed1ab_0
- pyfda=0.8.4=pyh9208f05_0
- python=3.10.13=h4005451_0_cpython
- rtl-sdr=2.0.1=ha17a0cc_0
- scipy=1.11.3=py310h877c07d_1
- soapysdr-module-airspy=0.2.0=h6f8e04d_0
- soapysdr-module-airspyhf=0.2.0=h6f8e04d_0
- soapysdr-module-audio=0.1.1=h7f3508f_1
- soapysdr-module-bladerf=0.4.1=hf8708ca_0
- soapysdr-module-hackrf=0.3.4=h6f8e04d_0
- soapysdr-module-lms7=23.10.0=h45eccfa_0
- soapysdr-module-netsdr=0.2.0=he97dc58_1
- soapysdr-module-plutosdr=0.2.1=h4a71477_3
- soapysdr-module-redpitaya=0.1.1=he97dc58_0
- soapysdr-module-remote=0.5.2=h6f8e04d_2
- soapysdr-module-rtlsdr=0.3.3=h7f3508f_2
- soapysdr-module-uhd=0.4.1=hdb7482d_9
- soapysdr-module-volk-converters=0.1.1=h7a695f5_1
- soapysdr=0.8.1=py310hd9ef7bd_4
- uhd=4.5.0.0=py310hcd7457b_2
name: radioconda
platform: linux-ppc64le
version: 2023.11.06
