channels:
- conda-forge
- ryanvolz
dependencies:
- airspy=1.0.10=h7f98852_0
- airspyhf=1.6.8=h7f98852_0
- alsa-plugins=1.2.7.1=h40e5763_8
- bladerf=2023.02=h0b41bf4_0
- codec2=1.0.3=h7f98852_0
- digital_rf=2.6.8=py310h088ca65_1
- gnuradio-adsb=0.0.0.20230411.dev+g32bcb616f=unix_pyh139f5c4_0
- gnuradio-dect2=0.0.0.20230724.dev+g1e19fec9b=py310hc15f203_0
- gnuradio-filerepeater=0.0.0.20230720.dev+g6cfdd6298=py310h066afd9_0
- gnuradio-foo=0.0.0.20230719.dev+g4544a4be7=py310h20c3e6c_0
- gnuradio-fosphor=0.0.0.20230721.dev+g3bc8c63=py310h6aa1020_0
- gnuradio-gpredict-doppler=0.0.0.20230406.dev+g24c9948ff=unix_pyh6bc11b9_0
- gnuradio-hermeslite2=v1.0.0.0.post9+65907c7=py310hc15f203_0
- gnuradio-hpsdr=0.0.0.20230724.dev+g3adf748=py310hc15f203_0
- gnuradio-ieee802_11=0.0.0.20230721.dev+gd1f9fc80c=py310h5adc6ee_0
- gnuradio-ieee802_15_4=3.6.post122+g285a13a=py310h647e48e_0
- gnuradio-inspector=0.0.0.20230721.dev+gdee563b=py310hc82c318_0
- gnuradio-iridium=1!1.0.0=py310h3c8b504_5
- gnuradio-leo=1.0.0.post89+9806f65=py310h647e48e_0
- gnuradio-lora_sdr=0.0.0.20230720.dev+g734d2ee71=py310hc6e77f7_0
- gnuradio-m2k=1.0.0=py310h2c93957_5
- gnuradio-osmosdr=0.2.4=py310h138d1ca_4
- gnuradio-paint=0.0.0.20230721.dev+g851daac=py310hc6e77f7_0
- gnuradio-radar=0.0.0.20230721.dev+gb7a3cfc=py310ha396976_0
- gnuradio-rds=3.10.post11+gd2589c8=py310h5ec26fd_0
- gnuradio-satellites=5.3.0=py310h4146c5e_1
- gnuradio=3.10.7.0=py310hb807463_1
- gqrx=2.16=hdb067c4_1
- hackrf=2023.01.1=h8067d65_0
- inspectrum=0.2.3=h399a0ce_2
- ipython=8.14.0=pyh41d4057_0
- libiio=0.24=ha770c72_1
- libm2k=0.7.0=py310h0e40e9c_1
- limesuite=22.09.1=h6c2faf7_0
- m17-cxx-demod=2.3.3=h78f2749_2
- matplotlib=3.7.2=py310hff52083_0
- numpy=1.25.1=py310ha4c1d20_0
- pandas=2.0.3=py310h7cbd5c2_1
- pyadi-iio=0.0.15=pyhd8ed1ab_0
- python=3.10.12=hd12c33a_0_cpython
- rtl-sdr=0.6.0.post20220126=h18f079d_0
- scipy=1.11.1=py310ha4c1d20_0
- soapysdr-module-airspy=0.2.0=hee64af1_0
- soapysdr-module-airspyhf=0.2.0=hee64af1_0
- soapysdr-module-audio=0.1.1=hd00649d_0
- soapysdr-module-bladerf=0.4.1=hc1d054c_0
- soapysdr-module-hackrf=0.3.4=hee64af1_0
- soapysdr-module-lms7=22.09.1=hc6514a0_0
- soapysdr-module-netsdr=0.2.0=hd00649d_1
- soapysdr-module-plutosdr=0.2.1=h20c8c4b_3
- soapysdr-module-redpitaya=0.1.1=hd00649d_0
- soapysdr-module-remote=0.5.2=hee64af1_2
- soapysdr-module-rtlsdr=0.3.3=h44a8f8d_0
- soapysdr-module-uhd=0.4.1=h97f1d79_7
- soapysdr-module-volk-converters=0.1.1=h76dd0b8_1
- soapysdr=0.8.1=py310hbf28c38_3
- uhd=4.4.0.0=py310h96a67fc_0
name: radioconda
platform: linux-64
version: 2023.07.24
