channels:
- conda-forge
- ryanvolz
dependencies:
- airspy=1.0.10=h8ffe710_0
- airspyhf=1.6.8=h8ffe710_0
- bladerf=2021.10=h8ffe710_0
- codec2=1.0.3=hcd874cb_0
- digital_rf=2.6.7=py310h3aa5818_3
- gnuradio-inspector=0.0.0.20220919.dev+g719bdfb=py310hd541363_0
- gnuradio-iridium=1!1.0.0=py310hd2c9a96_0
- gnuradio-leo=1.0.0.post68+0fb18e1=py310h5efcb39_0
- gnuradio-osmosdr=0.2.3=py310hd1b8586_25
- gnuradio-paint=0.0.0.20220919.dev+g3ba0f0f=py310hbe5e3de_0
- gnuradio-satellites=5.0.0=py310h0159cc5_1
- gnuradio=3.10.4.0=py310h6c50af4_2
- gqrx=2.15.9=h20b1ca9_4
- hackrf=2021.03.1=hbb36527_0
- ipython=8.5.0=pyh08f2357_1
- libiio=0.24=h57928b3_0
- libm2k=0.7.0=py310h6b2dc8b_0
- limesuite=22.09.0=hdee86e2_0
- matplotlib=3.6.0=py310h5588dad_0
- numpy=1.23.3=py310h4a8f9c9_0
- pandas=1.5.0=py310h1c4a608_0
- pyadi-iio=0.0.13=pyhd8ed1ab_0
- python=3.10.6=h9a09f29_0_cpython
- rtl-sdr=0.6.0.post20220126=h8ffe710_0
- scipy=1.9.1=py310h578b7cb_0
- soapysdr-module-airspy=0.2.0=h23704b7_0
- soapysdr-module-airspyhf=0.2.0=h23704b7_0
- soapysdr-module-bladerf=0.4.1=h23704b7_0
- soapysdr-module-hackrf=0.3.4=h23704b7_0
- soapysdr-module-lms7=22.09.0=h83e77cb_0
- soapysdr-module-plutosdr=0.2.1=h3cbcf99_3
- soapysdr-module-remote=0.5.2=h23704b7_2
- soapysdr-module-rtlsdr=0.3.0=h23704b7_1
- soapysdr-module-uhd=0.4.1=hf73a73f_6
- soapysdr=0.8.1=py310h476a331_2
- uhd=4.3.0.0=py310h5b121ee_0
name: radioconda
platform: win-64
variables:
  GRC_BLOCKS_PATH: ''
  GR_PREFIX: ''
  UHD_PKG_PATH: ''
  VOLK_PREFIX: ''
version: 2022.09.22
