channels:
- conda-forge
- ryanvolz
dependencies:
- airspy=1.0.10=h8ffe710_0
- airspyhf=1.6.8=h8ffe710_0
- bladerf=2022.11=hcfcfb64_0
- codec2=1.0.3=hcd874cb_0
- digital_rf=2.6.8=py310he7dc8db_0
- gnuradio-fosphor=0.0.0.20221223.dev+g84e9d8f=py310hab732d3_0
- gnuradio-inspector=0.0.0.20221223.dev+gb55e0e1=py310hf7a93f2_0
- gnuradio-iridium=1!1.0.0=py310h6347a1d_2
- gnuradio-leo=1.0.0.post84+a447553=py310h8890a98_0
- gnuradio-m2k=1.0.0=py310hfa9fc36_3
- gnuradio-osmosdr=0.2.4=py310hc9f43b6_0
- gnuradio-paint=0.0.0.20221223.dev+g1874506=py310h84a57f8_0
- gnuradio-radar=0.0.0.20221223.dev+g631188f=py310h7d3c81d_0
- gnuradio-satellites=5.1.1=py310h3b6c5a0_1
- gnuradio=3.10.5.0=py310h58fdae4_2
- gqrx=2.15.9=hb0cca20_7
- hackrf=2022.09.1=h9647d90_1
- inspectrum=0.2.3=hfd82842_1
- ipython=8.8.0=pyh08f2357_0
- libiio=0.24=h57928b3_0
- libm2k=0.7.0=py310h6b2dc8b_1
- limesuite=22.09.1=hdee86e2_0
- m17-cxx-demod=2.3.3=h5596bb6_2
- matplotlib=3.6.3=py310h5588dad_0
- numpy=1.24.1=py310h4a8f9c9_0
- pandas=1.5.3=py310h1c4a608_0
- pyadi-iio=0.0.14=pyhd8ed1ab_0
- python=3.10.8=h4de0772_0_cpython
- rtl-sdr=0.6.0.post20220126=h8ffe710_0
- scipy=1.10.0=py310h578b7cb_0
- soapysdr-module-airspy=0.2.0=h23704b7_0
- soapysdr-module-airspyhf=0.2.0=h23704b7_0
- soapysdr-module-audio=0.1.1=h78c1c11_0
- soapysdr-module-bladerf=0.4.1=h23704b7_0
- soapysdr-module-hackrf=0.3.4=h23704b7_0
- soapysdr-module-lms7=22.09.1=h83e77cb_0
- soapysdr-module-netsdr=0.2.0=h78c1c11_0
- soapysdr-module-plutosdr=0.2.1=h3cbcf99_3
- soapysdr-module-redpitaya=0.1.1=h78c1c11_0
- soapysdr-module-remote=0.5.2=h23704b7_2
- soapysdr-module-rtlsdr=0.3.0=h23704b7_1
- soapysdr-module-uhd=0.4.1=hf73a73f_6
- soapysdr-module-volk-converters=0.1.1=hadd0ed5_0
- soapysdr=0.8.1=py310h232114e_3
- uhd=4.3.0.0=py310h947664d_1
name: radioconda
platform: win-64
variables:
  GRC_BLOCKS_PATH: ''
  GR_PREFIX: ''
  UHD_PKG_PATH: ''
  VOLK_PREFIX: ''
version: 2023.01.19
