channels:
- conda-forge
- ryanvolz
dependencies:
- airspy=1.0.10=h0d85af4_0
- airspyhf=1.6.8=h0d85af4_0
- bladerf=2021.10=h5eb16cf_0
- codec2=1.0.3=h0d85af4_0
- digital_rf=2.6.7=py310haebaa89_3
- gnuradio-inspector=0.0.0.20220919.dev+g719bdfb=py310h330cc39_0
- gnuradio-iridium=1!1.0.0=py310hd7ce0de_0
- gnuradio-leo=1.0.0.post68+0fb18e1=py310hd6b5687_0
- gnuradio-osmosdr=0.2.3=py310hadc20a3_25
- gnuradio-paint=0.0.0.20220919.dev+g3ba0f0f=py310h72d07d4_0
- gnuradio-satellites=5.0.0=py310hd149571_1
- gnuradio=3.10.4.0=py310h05d3bc3_2
- gqrx=2.15.9=h399871e_4
- hackrf=2021.03.1=h5812942_0
- ipython=8.5.0=pyhd1c38e8_1
- libiio=0.24=h694c41f_0
- libm2k=0.7.0=py310hfba3bd2_0
- limesuite=22.09.0=h6beca88_0
- matplotlib=3.6.0=py310h2ec42d9_0
- numpy=1.23.3=py310h1b7c290_0
- pandas=1.5.0=py310hecf8f37_0
- pyadi-iio=0.0.13=pyhd8ed1ab_0
- python=3.10.6=ha7b0be1_0_cpython
- rtl-sdr=0.6.0.post20220126=h0d85af4_0
- scipy=1.9.1=py310h240c617_0
- soapysdr-module-airspy=0.2.0=ha64c28d_0
- soapysdr-module-airspyhf=0.2.0=ha64c28d_0
- soapysdr-module-bladerf=0.4.1=h3f20bda_0
- soapysdr-module-hackrf=0.3.4=ha64c28d_0
- soapysdr-module-lms7=22.09.0=hcbf95fb_0
- soapysdr-module-plutosdr=0.2.1=hbfed937_3
- soapysdr-module-remote=0.5.2=ha64c28d_2
- soapysdr-module-rtlsdr=0.3.0=ha64c28d_1
- soapysdr-module-uhd=0.4.1=h060078c_6
- soapysdr=0.8.1=py310h6be76da_2
- uhd=4.3.0.0=py310hcaaae07_0
name: radioconda
platform: osx-64
version: 2022.09.22
