channels:
- conda-forge
- ryanvolz
dependencies:
- airspy=1.0.10=h0d85af4_0
- airspyhf=1.6.8=h0d85af4_0
- bladerf=2023.02=hb7f2c08_0
- codec2=1.0.3=h0d85af4_0
- digital_rf=2.6.8=py310h375f7f8_1
- gnuradio-adsb=0.0.0.20230411.dev+g32bcb616f=unix_pyh139f5c4_0
- gnuradio-dect2=0.0.0.20230724.dev+g1e19fec9b=py310h3a7906d_0
- gnuradio-filerepeater=0.0.0.20230720.dev+g6cfdd6298=py310hb0edf77_0
- gnuradio-foo=0.0.0.20230719.dev+g4544a4be7=py310h57e2db8_0
- gnuradio-fosphor=0.0.0.20230721.dev+g3bc8c63=py310hd2a73e2_0
- gnuradio-gpredict-doppler=0.0.0.20230406.dev+g24c9948ff=unix_pyh6bc11b9_0
- gnuradio-hermeslite2=v1.0.0.0.post9+65907c7=py310h3a7906d_0
- gnuradio-hpsdr=0.0.0.20230724.dev+g3adf748=py310h3a7906d_0
- gnuradio-ieee802_11=0.0.0.20230721.dev+gd1f9fc80c=py310h12a0417_0
- gnuradio-ieee802_15_4=3.6.post122+g285a13a=py310h791d3f1_0
- gnuradio-inspector=0.0.0.20230721.dev+gdee563b=py310h5a7b220_0
- gnuradio-iridium=1!1.0.0=py310ha61664e_5
- gnuradio-leo=1.0.0.post89+9806f65=py310h791d3f1_0
- gnuradio-lora_sdr=0.0.0.20230720.dev+g734d2ee71=py310h47aa161_0
- gnuradio-m2k=1.0.0=py310hd4a9733_5
- gnuradio-osmosdr=0.2.4=py310h80503a3_4
- gnuradio-paint=0.0.0.20230721.dev+g851daac=py310h47aa161_0
- gnuradio-radar=0.0.0.20230721.dev+gb7a3cfc=py310h4f23cf0_0
- gnuradio-rds=3.10.post11+gd2589c8=py310he6423ff_0
- gnuradio-satellites=5.3.0=py310h763bdb1_1
- gnuradio=3.10.7.0=py310h3ef1072_1
- gqrx=2.16=h7f459ec_1
- hackrf=2023.01.1=h75b6cab_0
- inspectrum=0.2.3=h71b3e54_2
- ipython=8.14.0=pyhd1c38e8_0
- libiio=0.24=h694c41f_1
- libm2k=0.7.0=py310hfba3bd2_1
- limesuite=22.09.1=h6beca88_0
- m17-cxx-demod=2.3.3=ha8422f1_2
- matplotlib=3.7.2=py310h2ec42d9_0
- numpy=1.25.1=py310h7451ae0_0
- pandas=2.0.3=py310h5e4fcda_1
- pyadi-iio=0.0.15=pyhd8ed1ab_0
- python=3.10.12=had23ca6_0_cpython
- rtl-sdr=0.6.0.post20220126=h0d85af4_0
- scipy=1.11.1=py310h3900cf1_0
- soapysdr-module-airspy=0.2.0=ha64c28d_0
- soapysdr-module-airspyhf=0.2.0=ha64c28d_0
- soapysdr-module-audio=0.1.1=h7ecdfb7_0
- soapysdr-module-bladerf=0.4.1=h3f20bda_0
- soapysdr-module-hackrf=0.3.4=ha64c28d_0
- soapysdr-module-lms7=22.09.1=hcbf95fb_0
- soapysdr-module-netsdr=0.2.0=h7ecdfb7_1
- soapysdr-module-plutosdr=0.2.1=hbfed937_3
- soapysdr-module-redpitaya=0.1.1=h7ecdfb7_0
- soapysdr-module-remote=0.5.2=ha64c28d_2
- soapysdr-module-rtlsdr=0.3.3=h85dcec6_0
- soapysdr-module-uhd=0.4.1=h14c3ef5_7
- soapysdr-module-volk-converters=0.1.1=h91a6bfa_1
- soapysdr=0.8.1=py310ha23aa8a_3
- uhd=4.4.0.0=py310h50d9707_0
name: radioconda
platform: osx-64
version: 2023.07.24
